0.0149029
0.00144013
0.00104992
0.00656052
0.000645758
0.000553958
0.0030267
0.000606137
0.000436386
6.91285e-05
0.00140281
0.000586212
0.000394179
0.000203523
5.73192e-05
0.000402759
0.000497396
0.000790479
0.00163521
0.000701432
0.00198383
0.000196448
0.00144643
0.00101603
0.000549478
0.00662036
0.000275317
0.000624683
0.00108749
0.00149829
0.000221719
1.48686e-05
0.000113215
0.000210841
0.00210711
0.000429548
0.00021983
2.97388e-05
0.000368312
0.000341103
0.0134266
0.00581779
0.00221853
0.00199223
0.00376393
0.0108303
0.00100913
0.000596448
0.000279227
0.000301017
0.00592494
0.00127449
6.59264e-05
0.000297149
0.000490979
0.000362069
0.00636837
0.0271632
0.00577639
0.000784037
0.000412053
0.00784746
0.00759312
0.00764853
0.0138395
0.00744683
0.00967423
0.0196355
0.00783993
0.0085702
0.00225651
0.00890818
0.00554162
0.00432646
0.0118532
0.0289199
0.0116341
0.0012853
0.00828472
0.00913938
0.000960256
0.00199254
0.00279435
0.0173726
0.0168493
0.00177512
0.0013276
0.00566038
0.00919445
0.0036113
0.000505005
0.00203735
9.39192e-05
0.000321177
0.00776938
0.0010923
0.000270746
0.0044642
0.00860943
0.000554914
0.000736851
0.0181835
0.0113915
0.00011562
0.00112986
0.00121361
0.00274095
0.000156039
0.00146024
0.00376712
0.000199212
0.000709265
0.00115004
0.00876989
0.0007376
0.00973921
0.0246579
0.00233759
0.0101195
0.010288
7.37161e-05
0.0161017
0.0309279
0.00287563
0.0111054
0.00507234
0.00037217
0.0149113
0.0103765
0.00483171
0.000101088
0.00160045
0.00532916
0.000485415
0.00578978
0.000871821
0.00258882
0.00846786
0.00101766
0.000316166
0.0103146
0.0187201
0.00332914
0.00334171
0.00579399
0.00018405
0.000491485
0.00195565
0.000589296
0.000137703
0.0059197
0.0209053
0.00508671
0.000244101
0.000788154
0.0184968
0.0028514
0.0149496
0.011828
0.011885
0.00613272
0.00135274
8.95941e-05
0.000459871
0.00163751
0.00490136
0.0414731
0.00167462
0.0180736
0.00188559
0.000923246
0.00562233
0.000120381
0.00440522
0.000128245
0.0187607
0.00433814
0.013534
0.0173525
0.00368509
0.000148567
0.00115802
7.95791e-05
4.37545e-05
0.000313133
0.00278724
0.00149203
0.000477561
0.00216063
0.000636287
0.000258298
0.000217103
0.000733733
0.000184373
3.2933e-05
0.00177618
0.0119973
0.02585
0.00359871
0.00328638
0.000113898
0.000424652
0.00143432
0.000927227
6.0285e-05
0.0017726
0.00179851
0.000422082
0.000133092
0.000594936
0.00029122
0.00148301
0.000227355
0.000586326
0.00131073
0.00032566
6.02724e-05
0.000231747
0.000757808
0.00388746
0.000161522
0.00016328
0.000517477
9.53861e-05
0.00690943
0.0035611
0.000210891
0.00249492
0.00466689
0.00174405
0.00193783
0.0165457
0.00604701
0.000465413
0.00653265
0.00144823
0.00305321
0.00161389
0.00180885
0.00153884
0.00178079
0.00333746
0.000156634
0.00373072
0.000789225
0.0014373
0.00328143
0.000102731
0.00922176
0.00425062
0.000202155
0.00312695
0.00476875
0.00183111
0.000778459
0.00684122
0.00325749
0.00673946
0.0118164
0.00202408
0.000406113
0.00241112
0.00521767
0.000303586
0.00062104
0.000526792
0.000982041
0.00471663
9.53972e-05
0.0029539
1.12673e-05
0.000294782
0.00472434
0.00818651
0.000651021
0.0019499
9.46985e-05
0.000644699
0.000491982
0.00084072
0.00307094
0.00235491
9.54769e-05
0.000754928
0.00125878
0.000257133
0.00627065
0.0163308
0.00333405
0.00607914
0.00158236
0.00233073
0.0103529
0.000806645
0.00144902
0.00173994
0.00252545
0.00469395
0.0176103
0.00177932
0.00973089
0.0210248
4.32345e-05
0.0142883
0.00990042
0.00036413
0.00141458
0.000223915
0.00286935
0.00113844
0.000107496
0.000383194
4.04295e-05
0.00013869
0.00297283
0.00426517
5.05827e-05
0.000983955
0.00024345
0.00554123
0.00334556
0.000117995
0.00242609
0.000416225
0.000272829
0.000426552
0.00530011
0.00253755
0.00399084
0.0107968
4.94587e-05
0.000196504
0.0011583
0.00484206
0.000202689
0.000390331
0.000273504
6.343e-05
0.000136784
0.000176066
0.000333235
4.5597e-05
0.00112718
0.00342078
0.00104467
0.00251933
0.00308607
0.00126653
0.0133143
0.00412303
0.00037919
0.00158609
0.00249125
0.000127949
0.00541977
0.00201619
0.000309886
0.00591887
0.00602514
9.5774e-05
0.000247817
0.000742615
5.83071e-05
0.000229346
0.000965836
0.000726451
0.000129454
0.00682065
0.00467856
0.00607765
0.00691048
0.00128706
0.00422917
0.00604147
0.0005365
0.00123112
0.00576205
0.000230065
0.00794285
0.0143092
0.000137253
0.0048113
0.00702306
3.93219e-05
0.0109836
0.00665774
0.00372935
0.00279687
0.0110913
0.00103291
0.00309858
0.00493099
0.000792151
0.00491324
0.00275525
0.00107626
0.00721022
0.000818268
0.00587262
0.0114986
9.51398e-05
0.000524485
0.00400096
0.00155037
0.00309307
0.000313257
0.00748755
0.00056294
0.00316754
0.00178102
0.00055528
0.000717433
0.000273453
0.00273642
0.000337806
0.000232571
0.00393812
0.00606132
0.000542625
0.0126424
0.00342002
6.13168e-05
0.00436635
0.00224462
0.000322996
0.00183971
0.0094926
0.000132313
0.00994793
0.00356956
0.0021526
0.0115003
0.00799018
0.00102422
0.00474085
0.00028088
0.0118266
0.0143902
0.000108868
0.00944376
0.00189898
0.000125218
0.00161594
0.000283016
0.00120219
0.00373757
0.00440997
0.00132861
0.0109983
0.00310651
0.000534541
0.00278705
0.000262647
0.00192751
0.00549573
0.000484429
0.00140206
0.00665985
0.000752483
0.0050749
0.0129455
0.0134447
0.00324781
0.0112636
0.000127386
0.00332554
0.00415814
0.000668146
0.0108293
0.00976873
7.35624e-05
0.00516739
0.00774482
0.000249148
0.00696269
0.00211343
0.00306766
0.00039754
0.000747477
0.00233573
0.00253361
0.000118425
0.00499834
0.000578771
0.000529836
0.00202043
0.000397485
0.00440861
0.00812232
0.000206985
0.00309342
0.000691384
0.000236998
0.000655989
0.000488308
0.000260495
0.00126662
0.000391283
0.00666702
0.0146386
