0 257 167 70 103
1 257 167 70 103
2 257 166 70 104
3 256 167 73 104
4 257 167 71 103
5 257 167 71 104
6 257 166 70 105
7 257 168 71 102
8 257 167 71 103
9 257 167 71 104
10 256 167 73 104
11 257 167 71 103
12 257 168 70 101
13 257 167 70 103
14 257 170 70 101
15 257 172 71 101
16 257 171 71 101
17 256 171 72 102
18 257 172 70 101
19 256 172 72 102
20 256 170 73 103
21 256 171 72 102
22 256 170 72 103
23 257 170 70 102
24 257 170 70 101
25 257 169 69 101
26 257 168 69 103
27 257 171 69 101
28 256 171 71 101
29 257 169 69 103
30 256 170 72 103
31 256 170 72 102
32 256 171 74 103
33 263 173 72 102
34 264 173 73 105
35 268 169 70 108
36 271 171 70 106
37 274 169 69 108
38 276 167 71 107
39 278 170 72 105
40 282 167 69 107
41 285 165 68 108
42 285 165 69 107
43 287 168 70 105
44 287 166 73 106
45 288 165 74 106
46 289 164 75 107
47 295 166 71 107
48 296 166 71 106
49 296 165 70 107
50 295 165 72 107
51 294 162 73 111
52 288 163 76 107
53 288 161 75 109
54 288 160 75 107
55 287 160 76 108
56 288 163 72 106
57 286 162 73 107
58 284 162 72 108
59 283 161 72 108
60 282 162 72 109
61 279 163 75 109
62 276 162 77 110
63 275 162 75 111
64 271 163 78 109
65 268 162 78 112
66 266 160 77 116
67 264 164 77 114
68 262 163 79 115
69 262 162 77 116
70 261 162 79 116
71 260 162 80 117
72 259 161 80 117
73 259 163 79 117
74 260 165 78 117
75 259 164 80 120
76 259 165 79 116
77 259 163 79 118
78 259 166 79 119
79 258 163 81 121
80 258 163 82 121
81 259 165 80 121
82 259 162 82 122
83 259 164 82 123
84 261 166 79 123
85 260 164 82 124
86 261 162 82 125
87 260 163 84 126
88 262 165 83 125
89 262 164 87 123
90 264 165 85 123
91 262 162 87 124
92 265 164 85 123
93 267 165 84 121
94 267 165 85 125
95 271 168 83 126
96 270 165 84 126
97 270 167 87 127
98 271 167 86 128
99 272 165 84 128
100 272 163 84 130
101 271 164 86 130
102 271 165 86 129
103 272 167 86 129
104 272 165 87 132
105 272 165 86 132
106 272 165 86 131
107 273 164 85 135
108 273 167 85 131
109 272 166 87 134
110 273 167 87 132
111 274 169 85 133
112 274 166 85 135
113 272 164 89 137
114 274 166 84 135
115 274 166 85 136
116 273 167 86 136
117 273 167 87 136
118 272 168 88 135
119 270 168 89 136
120 268 177 91 133
121 266 167 94 139
122 265 166 95 140
123 267 178 93 132
124 266 179 93 132
125 263 178 95 134
126 263 177 96 135
127 264 178 96 133
128 261 177 97 135
129 261 177 97 135
130 260 163 97 146
131 260 163 96 145
132 259 177 97 135
133 259 178 97 135
134 257 178 98 134
135 258 178 98 138
136 259 178 97 139
137 257 177 99 136
138 257 177 99 136
139 257 177 97 139
140 257 178 97 142
141 258 177 97 142
142 258 177 98 139
143 258 176 98 140
144 258 176 98 142
145 258 176 98 142
146 256 176 98 142
147 259 167 97 166
148 258 172 100 162
149 257 176 97 145
150 259 177 96 147
151 259 172 99 164
152 259 170 99 164
153 260 170 99 163
154 260 171 99 163
155 260 171 98 162
156 260 172 99 163
157 260 173 98 166
158 261 172 97 167
159 260 171 98 169
160 261 172 96 168
161 260 172 98 169
162 260 171 98 169
163 259 172 100 169
164 259 173 99 169
165 259 172 96 170
166 258 173 97 170
167 255 173 101 169
168 252 174 103 171
169 249 174 104 169
170 248 171 105 174
171 247 174 105 172
172 243 174 110 172
173 237 168 111 180
174 236 170 110 180
175 234 173 113 179
176 233 173 111 178
177 232 172 111 178
178 232 172 112 180
179 230 174 112 182
180 230 174 110 184
181 228 173 113 182
182 227 172 113 183
183 226 171 112 186
184 224 172 112 188
185 222 170 115 193
186 220 169 116 196
187 219 168 117 197
188 216 166 122 199
189 217 167 119 200
190 214 166 119 202
191 211 167 121 202
192 206 172 128 208
193 205 170 130 211
194 205 171 130 210
195 202 170 131 212
196 200 169 134 214
197 200 170 133 212
198 200 169 133 217
199 199 169 134 218
200 193 169 133 218
201 192 171 135 217
202 192 172 133 216
203 191 172 133 219
204 188 171 133 219
205 186 171 134 226
206 181 166 136 230
207 177 172 137 226
208 172 174 139 229
209 167 171 141 233
210 159 166 149 237
211 153 169 149 239
212 150 173 144 236
213 143 170 143 244
214 134 174 149 244
215 128 176 151 245
216 116 171 158 253
217 115 171 156 253
218 106 173 160 255
219 94 168 164 268
220 87 170 167 263
221 81 177 172 269
222 77 170 161 264
223 69 165 164 275
224 62 167 169 271
225 54 169 173 266
226 38 183 196 262
227 36 180 182 274
228 33 178 183 280
229 28 182 181 285
230 23 187 189 282
231 14 179 193 293
232 5 175 201 289
233 4 179 198 287
234 2 182 198 282
235 0 174 186 291
236 0 180 188 284
237 0 185 186 275
238 0 184 182 272
239 0 180 176 277
240 0 184 177 276
241 0 182 167 281
242 0 180 160 289
243 0 173 156 304
244 0 181 149 290
245 0 181 146 293
246 0 176 144 303
247 1 182 134 291
248 2 189 116 277
249 2 192 110 270
250 0 195 105 269
251 0 191 100 277
252 0 192 93 276
253 0 191 84 276
254 0 226 78 250
255 0 224 71 255
256 0 214 60 265
257 1 172 56 304
258 0 228 52 251
259 0 247 47 226
261 0 244 31 229
350 349 143 37 46
628 719 171 117 104
629 710 171 119 103
630 693 178 115 97
631 686 173 109 100
632 679 173 116 102
633 665 174 104 104
634 656 172 106 100
635 649 173 107 101
636 645 173 103 102
637 631 176 101 98
638 624 175 101 98
639 616 176 103 97
640 606 172 97 99
641 597 176 103 96
642 593 173 104 97
643 583 175 102 94
644 573 178 95 93
645 564 175 101 96
650 528 171 100 98
652 656 157 81 47
653 646 158 80 45
654 498 171 98 94
656 487 170 102 93
661 452 166 102 95
663 443 171 71 94
664 438 167 74 98
665 428 167 96 95
666 421 167 97 96
671 776 268 79 164
675 360 169 99 91
678 708 160 147 259
679 705 163 150 254
680 695 162 158 257
681 688 163 167 256
682 681 169 174 247
683 681 173 174 243
683 305 167 74 98
684 658 187 190 220
685 656 185 191 216
686 649 189 194 214
686 281 169 75 100
687 647 191 194 207
687 270 170 95 98
688 638 188 196 210
688 261 167 102 100
689 634 185 199 208
689 254 171 100 96
690 629 187 203 204
690 250 172 73 99
691 617 191 196 203
691 242 173 73 97
691 0 123 72 115
692 608 188 202 209
692 230 176 97 94
693 615 174 181 228
693 225 170 101 100
694 614 171 172 231
694 218 173 73 98
695 596 169 177 232
695 214 170 75 102
696 595 172 172 228
696 206 170 75 102
697 589 174 172 225
697 197 174 103 98
698 580 171 178 224
698 190 172 106 99
699 581 169 167 226
700 565 172 176 217
700 176 170 76 102
701 567 174 167 215
701 164 176 102 92
701 307 152 70 53
702 564 173 167 216
702 158 168 108 103
703 553 171 171 217
703 151 169 106 98
704 547 167 169 224
704 146 165 79 107
705 547 169 165 223
705 136 170 101 100
706 533 172 168 215
706 133 174 100 98
707 532 174 164 213
707 123 171 104 101
708 528 173 164 212
708 118 173 106 98
709 520 169 167 217
710 515 171 168 216
710 104 174 102 96
711 514 172 165 216
711 102 167 78 109
712 503 178 168 205
712 248 149 69 54
712 87 173 110 101
713 502 175 163 207
713 82 170 113 102
714 495 174 165 207
715 495 173 155 209
715 64 171 108 100
716 488 174 156 209
716 56 171 111 103
717 473 174 163 210
717 46 162 127 112
718 472 183 161 194
718 35 172 105 109
719 469 175 160 205
719 27 173 116 107
720 462 173 158 208
720 15 169 129 111
720 175 145 86 137
721 460 158 153 216
721 7 167 134 111
722 450 171 162 212
722 2 164 137 114
723 440 190 163 187
723 1 166 114 118
724 437 189 161 186
724 1 170 114 106
725 436 183 155 195
725 0 160 107 120
726 428 180 155 200
726 0 164 104 119
727 424 178 154 201
727 2 163 86 120
728 418 174 159 208
729 409 186 159 194
729 101 126 107 179
729 0 168 77 116
730 408 184 157 194
730 0 167 57 115
731 405 178 155 204
731 0 173 57 113
732 402 172 152 211
732 0 169 54 119
733 393 172 155 213
734 388 170 158 216
734 68 136 110 166
735 384 172 160 215
736 376 179 161 204
737 374 184 161 196
738 374 180 156 204
739 370 179 158 207
739 34 142 107 172
740 368 177 154 211
741 363 178 153 214
742 359 173 155 225
742 16 135 121 185
743 356 173 158 225
744 355 176 157 219
745 351 173 163 224
746 353 173 160 223
747 353 175 159 222
748 353 174 159 225
749 352 175 161 223
750 352 176 161 221
751 349 176 166 223
752 352 179 162 222
753 351 175 164 229
754 350 173 165 229
755 351 172 164 232
756 351 173 164 234
757 351 174 164 232
758 351 175 164 231
759 351 173 164 234
760 351 171 165 235
761 352 173 164 232
762 354 174 163 232
763 353 175 166 231
764 355 174 164 233
765 355 178 164 225
766 359 177 162 227
767 358 175 165 230
768 361 176 165 231
769 364 178 163 224
770 363 178 166 227
771 364 181 167 223
772 367 180 165 228
773 368 179 164 231
774 370 176 163 234
775 371 175 165 241
776 371 180 166 231
777 371 175 170 240
778 385 179 162 226
779 384 180 165 231
780 376 192 175 239
781 375 192 178 242
782 379 193 174 242
783 380 189 177 245
784 378 178 185 241
785 382 193 181 243
786 386 194 178 246
787 391 203 178 239
788 391 222 178 198
789 414 187 169 257
789 569 176 136 174
790 408 186 181 261
790 576 176 137 174
791 406 192 187 247
792 407 192 188 246
793 411 190 186 253
793 591 174 124 179
794 418 192 183 252
794 596 178 134 172
795 422 190 183 256
796 425 219 184 205
796 599 167 142 191
797 424 216 193 212
798 432 214 196 209
799 429 206 205 224
800 431 212 200 219
801 431 207 200 230
802 434 205 202 239
803 434 197 209 248
803 0 189 74 119
804 437 204 209 239
804 0 191 75 116
805 442 195 212 247
805 0 188 76 119
806 439 189 219 260
806 0 188 76 119
807 451 192 214 261
807 0 184 79 125
808 457 190 216 265
808 0 184 81 124
809 463 188 211 272
809 3 178 84 132
810 467 185 218 279
810 1 179 86 133
811 467 176 224 290
811 0 179 87 134
812 470 178 225 290
812 0 177 88 140
813 487 187 223 279
813 0 178 88 140
814 486 222 223 249
814 0 177 88 140
814 696 179 152 219
815 488 185 225 288
815 700 181 152 222
815 0 183 107 129
816 495 226 222 241
816 705 183 147 221
816 0 184 109 128
817 500 220 226 252
817 0 184 109 130
817 713 182 137 220
818 496 222 238 251
818 0 182 110 133
818 720 183 126 218
819 501 216 236 261
819 0 182 112 133
819 722 177 126 234
820 503 224 239 252
820 0 183 117 133
820 731 181 124 222
821 506 226 244 249
821 0 185 116 131
821 735 181 120 224
822 509 225 244 253
822 0 187 119 129
822 743 183 112 223
823 518 220 234 259
823 0 186 122 131
823 746 180 108 227
824 515 226 245 253
824 0 185 142 130
825 517 225 257 254
825 0 169 123 158
826 521 229 255 243
826 0 172 124 155
827 531 216 269 262
827 0 182 144 132
828 534 215 269 263
828 0 183 144 135
829 529 207 287 272
829 3 185 140 134
830 536 204 286 275
830 4 187 140 130
830 166 162 114 75
831 543 199 285 280
831 4 170 143 161
831 164 164 121 75
832 541 205 297 274
832 9 188 139 130
833 539 206 308 273
833 6 168 144 161
834 540 207 312 272
834 8 168 143 163
835 545 212 310 267
835 9 168 144 163
836 549 214 306 262
836 14 168 141 164
837 552 212 303 265
837 16 188 143 131
838 559 211 296 268
838 22 169 139 163
839 560 207 295 272
839 22 168 139 164
839 164 101 54 38
839 211 118 45 49
840 594 223 261 255
840 28 167 129 167
840 166 101 56 39
840 188 162 120 75
841 595 221 260 257
841 33 172 142 159
841 220 118 45 51
841 177 165 135 104
842 604 214 251 265
842 37 172 138 160
842 177 167 135 107
843 607 214 248 265
843 38 171 138 161
843 180 164 136 106
844 607 216 248 263
844 41 169 137 165
844 183 161 137 113
845 613 220 242 259
845 50 192 134 125
845 187 161 133 108
846 618 218 234 261
846 52 168 134 166
846 189 168 136 107
847 620 216 235 263
847 58 174 132 161
848 626 213 229 266
848 68 172 136 157
848 205 165 131 99
849 73 171 131 161
849 637 219 218 260
849 208 164 132 103
850 80 174 133 162
850 646 222 209 257
850 212 164 137 116
851 86 170 132 165
851 644 152 211 327
851 218 165 137 115
852 94 186 128 134
852 220 167 141 109
853 102 171 137 160
853 683 374 171 104
853 283 119 42 52
854 113 189 128 129
854 694 374 159 103
855 121 190 128 131
855 710 382 142 94
856 131 189 123 131
856 250 167 143 110
857 140 173 131 161
858 150 190 124 127
858 288 164 117 77
859 157 192 126 127
859 281 165 130 102
860 164 190 124 127
860 284 166 136 109
861 177 188 129 130
862 183 190 116 126
863 189 194 127 124
863 311 164 132 108
864 195 186 125 131
864 315 162 134 111
865 207 183 124 135
866 214 188 123 129
866 352 163 121 77
867 221 194 125 123
867 354 163 124 75
868 223 189 127 129
868 345 160 133 112
869 227 189 126 127
869 346 164 140 107
870 242 185 123 132
871 250 189 116 128
872 256 193 120 123
872 369 160 141 110
873 256 189 122 130
874 260 189 122 127
875 277 185 119 131
876 283 187 113 130
876 419 165 129 76
877 286 189 120 130
878 290 190 120 129
879 295 187 119 132
880 309 185 115 133
880 451 167 132 73
881 315 186 110 131
881 456 162 126 78
882 320 185 112 133
882 480 163 117 74
883 325 191 115 130
884 327 187 118 134
884 486 168 127 71
885 328 183 119 137
885 487 164 132 78
886 346 189 111 129
887 348 188 110 132
888 355 179 111 158
889 357 173 118 159
890 364 191 116 131
891 378 190 110 130
892 384 179 109 158
893 387 181 114 159
894 390 177 118 166
894 166 138 117 109
895 393 192 121 129
896 409 175 115 160
897 413 178 116 161
898 416 182 122 161
898 530 172 205 169
899 419 179 121 164
899 538 172 205 175
900 425 191 123 125
901 441 177 123 167
902 446 182 123 162
903 454 177 119 171
904 453 173 126 176
905 475 177 121 171
905 662 169 165 100
906 476 180 128 170
907 483 179 119 173
908 699 168 153 106
910 509 187 126 181
910 718 177 135 102
911 730 172 125 110
911 514 190 132 179
912 523 259 150 112
913 532 191 140 183
914 535 192 149 188
915 776 170 76 125
916 555 260 156 116
917 560 256 148 121
918 568 261 143 122
919 575 261 140 122
920 577 265 143 118
921 578 190 147 197
922 588 190 153 204
923 589 189 158 208
924 590 192 162 205
925 599 192 158 209
926 597 216 187 184
927 601 218 187 183
928 605 222 192 183
929 601 231 208 181
930 611 213 206 200
931 388 135 120 114
931 629 265 203 171
932 636 217 198 197
933 636 267 201 169
934 642 211 200 207
935 651 208 198 212
936 650 211 199 207
937 653 204 198 219
939 695 209 156 225
940 698 203 157 236
941 697 195 158 256
942 696 195 159 258
943 698 191 157 260
944 0 162 107 119
945 735 195 120 255
946 740 197 115 251
947 745 205 110 229
948 753 208 100 220
949 764 212 91 218
950 769 213 86 227
951 21 162 122 115
951 772 214 83 227
952 24 159 122 120
953 30 159 111 117
955 42 161 137 116
957 54 165 130 111
958 61 157 125 120
959 63 157 115 118
960 65 160 115 117
963 88 164 125 112
964 91 160 123 116
965 95 158 119 119
966 97 161 119 115
967 98 165 116 116
968 103 163 113 116
971 117 168 125 112
972 123 167 124 110
973 126 159 121 116
974 127 163 122 117
975 129 165 117 117
976 131 161 113 116
977 132 165 115 117
978 135 166 134 123
979 137 163 132 121
981 143 162 130 119
983 150 167 128 114
984 152 167 122 118
985 154 169 124 119
986 155 169 122 117
987 156 167 123 118
988 158 170 123 118
989 156 168 130 118
990 160 163 124 124
991 159 164 127 123
992 158 165 128 123
993 161 159 121 120
994 161 162 125 120
995 162 164 123 118
996 164 164 122 121
997 166 164 116 116
998 167 164 115 116
999 170 165 138 130
1000 169 166 139 130
1001 176 162 133 122
1002 175 161 132 124
1003 176 165 133 131
1004 175 166 134 130
1005 176 163 133 130
1006 175 164 135 130
1007 177 166 136 132
1008 182 167 133 129
1009 182 166 133 126
1010 178 166 136 125
1011 182 167 136 130
1012 185 167 135 129
1013 185 167 135 130
1013 456 266 116 96
1014 185 168 138 127
1014 452 268 122 100
1015 185 170 137 125
1016 186 166 136 133
1017 184 165 138 133
1018 184 166 139 128
1019 183 167 138 133
1020 185 168 138 131
1021 186 167 139 133
1022 189 178 133 131
1023 188 179 135 132
1024 185 167 137 133
1025 186 163 139 132
1026 186 167 137 133
1027 188 176 135 137
1028 189 176 134 136
1028 486 272 124 118
1029 185 167 139 132
1030 187 179 138 133
1031 187 179 139 132
1032 187 180 138 131
1033 186 180 142 134
1034 186 180 140 134
1035 186 178 139 134
1036 188 181 136 132
1037 189 181 135 132
1038 190 176 132 160
1039 191 171 127 159
1040 191 174 130 163
1041 193 173 150 165
1042 194 171 118 166
1043 194 171 149 169
1044 194 172 149 171
1045 192 170 152 175
1046 193 171 151 176
1047 194 170 149 177
1048 196 169 147 187
1049 197 172 147 186
1050 195 169 150 185
1051 194 163 152 195
1052 187 176 167 211
1053 189 183 166 194
1054 192 183 159 195
1055 173 170 191 178
1056 186 180 168 208
1057 171 168 169 177
1058 166 168 204 179
1059 168 172 176 181
1060 168 171 177 181
1061 166 168 173 185
1062 162 171 179 184
1063 160 170 183 188
1064 160 167 185 194
1065 161 170 184 221
1066 155 173 190 223
1067 148 171 191 185
1068 142 168 194 182
1069 131 167 211 189
1070 135 168 200 232
1071 126 164 206 242
1072 124 161 203 244
1073 119 170 205 236
1074 113 171 206 232
1075 109 174 209 236
1076 105 173 216 242
1077 93 185 234 231
1078 88 186 242 230
1079 86 181 238 239
1080 74 179 228 239
1081 54 191 238 237
1082 44 189 245 244
1083 17 164 280 300
1084 17 170 273 299
1085 13 178 277 291
1086 7 182 281 289
1087 1 172 290 297
1088 0 174 294 291
1089 4 177 280 295
1090 3 174 283 297
1091 0 174 287 296
1092 4 177 274 295
1093 5 201 235 241
1094 6 191 231 259
1095 4 189 233 271
1096 1 196 238 252
1097 2 196 226 259
1098 0 196 225 252
1099 0 196 227 247
1101 6 275 190 188
1103 2 235 169 241
1104 6 275 177 191
