801 10 10 10 115 1
540.930269 0.000000 425.540732 0.000000 522.989877 236.356631 0.000000 0.000000 1.000000 -0.187091 0.355838 0.152423
0.186255 0.355596 0.152043
0.185100 -0.014860 0.098440
-0.185435 -0.011588 0.095872
-0.192551 -0.011334 -0.245194
0.187423 -0.014491 -0.240470
0.196808 -0.369018 0.130646
-0.193670 -0.367949 0.128754
-0.198357 -0.368299 -0.247653
0.197354 -0.369123 -0.248179
-0.001262 0.256766 0.162981 -0.000282 0.256858 0.165900 -0.000012 0.281449 0.112352 -0.000388 0.281658 0.112268 -0.004380 0.285741 0.110610 0.007662 0.287023 0.109796 -0.000576 0.304958 0.135922 0.003623 0.308046 0.129327 -0.003478 0.308379 0.121766 0.001207 0.305168 0.125175 
0.112924 0.318374 -0.204886 -0.105548 0.315016 -0.204109 -0.070063 0.104852 -0.022237 0.081476 0.104872 -0.009704 0.085555 0.069078 0.232200 -0.090162 0.051433 0.266294 -0.150195 -0.203861 -0.205001 0.168012 -0.205766 -0.206625 0.171308 -0.205731 0.274963 -0.155429 -0.207779 0.275749 
0.005027 -0.188086 0.286283 0.011514 -0.189444 0.298828 -0.036841 -0.095530 0.204012 0.049987 -0.093635 0.208807 0.031743 -0.088311 0.293290 -0.009968 -0.093180 0.295089 0.003267 -0.135658 0.344543 0.014868 -0.132874 0.339438 -0.003019 -0.133799 0.280540 0.020616 -0.133123 0.273287 
-0.262133 -0.034586 -0.146299 0.260581 -0.032472 -0.148944 0.233282 0.283172 0.117684 -0.231904 0.272513 0.119188 -0.216201 0.220574 -0.058531 0.227496 0.214633 -0.044299 0.182800 -0.213135 0.066786 -0.187563 -0.217113 0.069830 -0.192160 -0.204057 0.024798 0.188424 -0.206213 0.023048 
-0.190091 0.042269 -0.173728 0.201616 0.047468 -0.183393 0.175979 -0.201803 0.021491 -0.155087 -0.214895 0.024708 -0.142919 -0.248220 0.170474 0.110696 -0.262354 0.231339 0.180167 0.187506 -0.190740 -0.178259 0.183131 -0.174457 -0.158097 0.191162 0.267281 0.153202 0.187170 0.274656 
-0.149981 0.485464 0.048686 0.138668 0.478848 0.063597 0.068699 -0.169985 0.249486 -0.070575 -0.163707 0.232435 -0.013739 -0.222985 -0.179295 0.026526 -0.210166 -0.189878 -0.032198 -0.064193 0.202030 0.025865 -0.067380 0.193594 0.075078 -0.067751 -0.133344 -0.037770 -0.062449 -0.142294 
-0.099874 0.027138 0.508924 0.154230 0.030074 0.452117 0.076049 0.016636 0.091839 -0.018464 0.021098 0.107777 0.009971 0.003152 0.052450 0.035579 0.035181 -0.029321 0.085065 -0.058377 -0.470948 -0.050784 -0.056023 -0.459837 0.033688 -0.075559 -0.048325 -0.007728 -0.084538 -0.045538 
-0.092422 -0.157291 -0.188361 0.085392 -0.167493 -0.183093 -0.020609 0.085366 0.418096 -0.014142 0.080554 0.418498 0.009635 -0.013328 0.178850 -0.111649 -0.070521 0.354140 -0.129999 0.057780 -0.070467 0.126782 0.043996 -0.112669 0.172688 0.070623 -0.324439 -0.130229 0.070404 -0.324066 
0.023432 0.164966 0.054015 -0.073625 0.166213 0.066345 -0.060375 0.062101 -0.202496 0.053852 0.054127 -0.225096 0.113379 -0.008374 0.147618 -0.262777 -0.111696 0.485130 0.287686 -0.073378 0.069720 -0.344689 -0.071179 0.066329 -0.207130 -0.041449 -0.284183 0.208003 -0.038810 -0.289541 
-0.268403 0.018142 0.076765 0.267631 -0.025302 0.143506 0.246461 0.007634 -0.309439 -0.236405 0.032039 -0.379491 -0.171032 0.027633 -0.015947 0.095456 -0.083007 0.317369 -0.322221 -0.003582 0.098689 0.383305 -0.003339 0.073699 0.183538 0.019262 -0.100598 -0.098865 0.018013 -0.064664 
687 0 1 1
838.726562 201.511719
767.492188 198.277344
743.242188 259.730469
808.414062 285.605469
715.960938 283.988281
667.460938 261.347656
758.398438 350.292969
826.601562 385.871094
708.382812 390.722656
659.882812 351.910156
0.113919
0.005766
0.876962
0.829102
0.535001
0.709931
0.846980
0.799335
0.530817
0.880198
1.368744 0.258474 2.324929
-1.000000 0.000000 0.000000 0.000000 -1.000000 0.000000 0.000000 0.000000 1.000000
0.500000 0.500000 3.500000
-0.0000000000 -0.0000000000 0.0000000000 0.0000000000 -0.0000000000 -0.0000000000 -0.0000000000 0.0000000000 -0.0000000000 -0.0000000000 
688 0 0 0
828.640625 200.304688
756.671875 195.382812
735.234375 259.367188
796.484375 285.617188
703.078125 283.976562
658.671875 261.007812
749.015625 351.242188
814.859375 387.335938
700.015625 393.898438
651.015625 354.523438
0.393683
0.057497
0.782084
0.863298
0.384079
0.728786
0.877598
0.824814
0.127182
0.932817
689 0 0 0
816.675781 198.812500
745.160156 192.312500
726.503906 260.562500
788.691406 281.687500
715.621094 281.687500
654.988281 258.937500
742.050781 346.687500
807.347656 380.812500
693.855469 384.062500
647.214844 354.812500
0.748278
0.348275
0.856481
0.857320
0.569652
0.800769
0.834919
0.773207
0.209969
0.910885
690 0 0 0
813.761719 200.546875
738.429688 191.781250
720.191406 261.109375
783.628906 281.828125
688.472656 281.828125
650.410156 259.515625
734.464844 345.578125
804.246094 361.515625
687.679688 392.593750
642.480469 353.546875
0.789185
0.047290
0.871193
0.857823
0.491107
0.829909
0.854397
0.164831
0.071141
0.858634
691 0 0 0
804.578125 204.480469
621.593750 344.835938
711.171875 258.402344
770.890625 283.777344
695.859375 285.363281
637.671875 259.988281
724.953125 345.628906
789.265625 382.105469
676.718750 395.585938
630.015625 351.972656
0.805748
0.010696
0.854972
0.843408
0.440954
0.721759
0.727042
0.810123
0.093595
0.986192
692 0 0 0
793.429688 201.878906
729.515625 192.898438
705.054688 257.394531
763.445312 281.886719
679.804688 283.519531
630.882812 260.660156
717.679688 345.566406
783.960938 378.222656
671.914062 394.550781
622.992188 352.097656
0.852375
0.023102
0.900233
0.845766
0.512024
0.721068
0.803681
0.848751
0.124791
0.954463
693 0 0 0
785.394531 190.921875
717.519531 190.921875
697.722656 260.390625
755.699219 281.765625
668.027344 287.109375
628.433594 262.171875
710.449219 344.109375
775.496094 377.953125
666.613281 390.421875
693.480469 265.734375
0.819370
0.859827
0.910817
0.836763
0.741033
0.422357
0.869822
0.905299
0.829852
0.004830
694 0 0 0
774.578125 189.949219
707.390625 189.949219
689.921875 258.527344
747.703125 280.183594
677.828125 283.792969
625.421875 267.550781
703.359375 345.152344
766.515625 377.636719
659.015625 388.464844
656.328125 386.660156
0.603421
0.862274
0.924784
0.851451
0.253949
0.016606
0.878708
0.756936
0.873590
0.003499
695 0 0 0
765.394531 191.656250
697.636719 186.218750
683.808594 258.718750
741.886719 280.468750
654.769531 282.281250
613.285156 260.531250
696.253906 345.718750
761.246094 374.718750
653.386719 387.406250
607.753906 351.156250
0.498862
0.753403
0.911432
0.832778
0.717291
0.731478
0.848466
0.842868
0.823984
1.001291
696 0 0 0
759.609375 190.703125
692.421875 188.921875
676.296875 258.390625
734.078125 277.984375
645.390625 283.328125
607.765625 261.953125
689.734375 342.109375
752.890625 375.953125
645.390625 388.421875
605.078125 343.890625
0.431488
0.837342
0.866190
0.862473
0.640367
0.522348
0.794628
0.822914
0.807532
0.006866
697 0 0 0
752.265625 190.699219
687.765625 190.699219
670.296875 257.496094
726.734375 278.589844
640.734375 283.863281
603.109375 259.253906
682.390625 340.113281
746.890625 375.269531
639.390625 387.574219
599.078125 343.628906
0.755414
0.870428
0.906500
0.852764
0.636494
0.575816
0.870341
0.849369
0.864088
0.009139
698 0 0 0
746.179688 189.375000
679.429688 187.625000
662.742188 255.875000
718.367188 276.875000
634.929688 280.375000
594.601562 259.375000
678.039062 339.875000
739.226562 371.375000
633.539062 388.875000
593.210938 345.125000
0.862368
0.829680
0.886844
0.839258
0.819571
0.710886
0.844673
0.872195
0.845239
0.295002
699 0 0 0
736.910156 189.304688
672.980469 187.539062
656.019531 254.632812
712.121094 277.585938
626.011719 281.117188
592.089844 259.929688
670.371094 339.382812
731.691406 371.164062
627.316406 383.523438
731.691406 369.398438
0.634371
0.781986
0.904128
0.804020
0.790872
0.807115
0.896982
0.824899
0.874693
0.003967
700 0 0 0
730.687500 189.800781
668.812500 188.105469
649.562500 254.222656
705.937500 274.566406
624.812500 281.347656
584.937500 259.308594
664.687500 337.292969
725.187500 367.808594
624.812500 384.761719
576.687500 350.855469
0.793036
0.853595
0.898670
0.847758
0.768439
0.769106
0.836796
0.852195
0.249863
0.741904
701 0 0 0
724.214844 189.957031
662.894531 189.957031
643.324219 255.464844
698.121094 275.621094
579.394531 257.144531
579.394531 258.824219
657.675781 337.769531
718.996094 369.683594
615.925781 384.800781
717.691406 359.605469
0.533897
0.896057
0.867803
0.807213
0.596847
0.465746
0.862675
0.818640
0.243206
0.004257
702 0 0 0
719.910156 190.718750
657.285156 189.031250
637.714844 254.843750
692.511719 273.406250
612.925781 281.843750
575.089844 258.218750
650.761719 337.531250
712.082031 367.906250
610.316406 379.718750
610.316406 383.093750
0.787144
0.872096
0.921501
0.833327
0.777192
0.779865
0.886174
0.873431
0.741855
0.006642
703 0 0 0
713.980469 190.496094
649.855469 187.105469
632.488281 253.222656
685.925781 273.566406
608.441406 278.652344
567.027344 256.613281
644.511719 334.597656
704.628906 365.113281
605.769531 382.066406
563.019531 346.464844
0.863368
0.830826
0.882163
0.831191
0.667670
0.735136
0.908079
0.856382
0.418322
0.006399
704 0 0 0
703.457031 190.625000
641.402344 183.625000
626.878906 251.875000
679.691406 272.875000
601.792969 279.875000
560.863281 257.125000
638.761719 335.875000
699.496094 365.625000
597.832031 383.125000
556.902344 337.625000
0.827351
0.811998
0.943424
0.835013
0.759751
0.682837
0.883090
0.867589
0.764210
0.008524
705 0 0 0
699.753906 189.035156
636.589844 185.550781
621.121094 253.496094
675.261719 272.660156
595.339844 279.628906
559.246094 256.980469
634.011719 331.894531
694.597656 366.738281
594.050781 380.675781
621.121094 262.207031
0.788649
0.834108
0.866918
0.820279
0.818119
0.817353
0.861074
0.836594
0.941880
0.004261
706 0 0 0
692.468750 187.957031
630.781250 187.957031
615.031250 253.464844
668.843750 271.941406
591.406250 280.339844
550.718750 256.824219
628.156250 335.769531
687.218750 364.324219
591.406250 382.800781
544.156250 347.527344
0.730395
0.863293
0.852233
0.873454
0.757549
0.715074
0.835865
0.868842
0.509721
0.687931
707 0 0 0
686.390625 189.808594
626.171875 188.144531
609.515625 254.707031
662.046875 273.011719
586.453125 281.332031
545.453125 258.035156
622.328125 334.582031
681.265625 364.535156
585.171875 382.839844
540.328125 351.222656
0.787859
0.861722
0.858457
0.840425
0.846539
0.464078
0.858880
0.921118
0.453901
0.005774
708 0 0 0
681.109375 190.390625
623.453125 187.078125
605.515625 253.328125
658.046875 271.546875
582.453125 279.828125
541.453125 256.640625
618.328125 334.484375
678.546875 362.640625
582.453125 380.859375
620.890625 195.359375
0.854230
0.872271
0.873783
0.833539
0.854487
0.682968
0.868594
0.925374
0.343805
0.007779
709 0 0 0
675.910156 186.800781
615.894531 183.410156
600.238281 251.222656
653.730469 269.871094
574.144531 280.042969
537.613281 254.613281
613.285156 334.292969
673.300781 363.113281
575.449219 383.457031
531.089844 346.160156
0.898606
0.887409
0.921192
0.851155
0.822041
0.771053
0.866371
0.908596
0.223216
1.006738
710 0 0 0
671.843750 188.718750
611.468750 185.343750
595.718750 251.156250
646.906250 271.406250
570.781250 278.156250
532.718750 256.218750
607.531250 332.156250
666.593750 362.531250
572.093750 382.781250
526.156250 343.968750
0.927615
0.839788
0.888306
0.845316
0.780178
0.784887
0.934872
0.837899
0.470619
0.829260
711 0 0 0
666.753906 189.718750
607.457031 186.343750
591.988281 250.468750
642.261719 270.718750
570.074219 279.156250
528.824219 253.843750
603.589844 331.468750
662.886719 360.156250
567.496094 382.093750
524.957031 341.593750
0.868195
0.879054
0.901559
0.856707
0.588069
0.784840
0.944126
0.864016
0.785714
0.028561
712 0 0 0
658.531250 193.214844
599.468750 188.410156
585.031250 250.871094
637.531250 270.089844
578.468750 274.894531
523.343750 255.675781
596.843750 332.550781
657.218750 361.378906
562.062500 384.601562
515.468750 343.761719
0.865800
0.701226
0.916424
0.867232
0.450358
0.792091
0.862762
0.880938
0.117292
0.982783
713 0 0 0
654.175781 190.363281
595.597656 187.128906
581.589844 250.199219
632.527344 269.605469
557.394531 279.308594
517.917969 255.050781
593.050781 331.058594
652.902344 358.550781
558.667969 379.574219
512.824219 345.613281
0.879387
0.797369
0.873091
0.889446
0.646508
0.738981
0.873718
0.862730
0.362700
0.976493
714 0 0 0
647.753906 189.363281
591.035156 184.511719
575.566406 247.582031
627.128906 268.605469
551.074219 276.691406
512.402344 254.050781
587.167969 330.058594
646.464844 359.167969
550.429688 382.617188
505.957031 342.996094
0.910482
0.798933
0.877562
0.881395
0.790328
0.737885
0.876836
0.879785
0.209550
0.955683
715 0 0 0
640.917969 188.511719
584.003906 185.246094
570.683594 247.292969
620.332031 268.519531
545.253906 278.316406
508.925781 255.457031
581.582031 328.933594
640.917969 356.691406
547.675781 376.285156
504.082031 338.730469
0.891346
0.819956
0.897106
0.886768
0.789601
0.820284
0.888392
0.888417
0.768375
0.007108
716 0 0 0
634.859375 189.511719
578.796875 184.613281
562.953125 246.660156
614.140625 267.886719
542.234375 277.683594
502.015625 254.824219
575.140625 328.300781
634.859375 356.058594
541.015625 378.917969
498.359375 341.363281
0.834317
0.814764
0.913302
0.861361
0.480733
0.744187
0.892518
0.925272
0.321925
0.933267
717 0 0 0
626.449219 189.585938
571.691406 184.664062
557.683594 247.007812
609.894531 266.695312
538.582031 273.257812
492.738281 255.210938
567.871094 329.039062
627.722656 355.289062
535.398438 385.640625
485.097656 342.164062
0.832781
0.810008
0.866467
0.852226
0.628244
0.674650
0.898685
0.894149
0.235462
0.912665
718 0 0 0
622.308594 192.851562
566.335938 187.546875
553.128906 245.898438
603.441406 267.117188
526.714844 271.664062
490.238281 251.960938
563.191406 327.742188
623.566406 353.507812
531.117188 378.515625
483.949219 342.898438
0.538639
0.009831
0.863069
0.865424
0.744615
0.752237
0.868243
0.891949
0.256220
0.964020
719 0 0 0
617.125000 190.214844
559.625000 183.808594
545.875000 246.269531
597.125000 265.488281
525.875000 276.699219
484.625000 252.675781
557.125000 327.949219
617.125000 355.175781
525.250000 381.601562
479.625000 343.964844
0.874908
0.676287
0.952263
0.867922
0.476907
0.789009
0.874462
0.826809
0.182723
0.946441
720 0 0 0
609.507812 188.437500
552.726562 183.562500
537.914062 246.937500
589.757812 266.437500
518.164062 277.812500
477.429688 253.437500
550.257812 326.562500
610.742188 354.187500
518.164062 380.187500
472.492188 342.812500
0.825295
0.797933
0.895053
0.860019
0.632497
0.741763
0.872019
0.868867
0.283428
0.943911
721 0 0 0
601.644531 185.843750
546.660156 177.406250
534.707031 248.281250
586.105469 266.843750
511.996094 273.593750
472.550781 255.031250
547.855469 327.593750
604.035156 351.218750
513.789062 375.687500
473.746094 336.031250
0.811437
0.821703
0.869531
0.842250
0.682537
0.807401
0.853643
0.929440
0.127760
0.125079
722 0 0 0
599.976562 188.390625
541.757812 185.078125
526.570312 246.359375
577.195312 266.234375
506.320312 276.171875
465.820312 252.984375
540.492188 329.171875
598.710938 355.671875
507.585938 382.171875
460.757812 342.421875
0.864170
0.843239
0.910491
0.853089
0.719757
0.718550
0.908129
0.912213
0.233355
0.918617
723 0 0 0
594.085938 194.382812
530.414062 194.382812
520.863281 246.246094
573.074219 265.238281
506.855469 274.003906
458.464844 253.550781
533.597656 328.058594
592.175781 352.894531
504.308594 374.808594
452.097656 345.589844
0.246700
0.022915
0.792952
0.864427
0.539583
0.639299
0.847864
0.799446
0.346308
0.945305
724 0 0 0
592.339844 195.539062
526.304688 193.359375
515.613281 246.398438
568.441406 265.289062
494.230469 275.460938
453.980469 253.664062
528.191406 326.320312
587.308594 352.476562
495.488281 371.367188
447.691406 343.757812
0.263558
0.013836
0.871141
0.863005
0.710672
0.688025
0.840057
0.811377
0.205952
0.982554
725 0 0 0
581.917969 194.425781
581.917969 200.519531
510.472656 246.222656
562.542969 266.027344
487.464844 273.644531
451.136719 250.792969
522.582031 328.488281
580.707031 352.863281
491.097656 374.191406
446.292969 343.722656
0.734639
0.012542
0.896975
0.863120
0.587045
0.735781
0.850741
0.854003
0.535754
0.914321
726 0 0 0
573.917969 193.281250
516.398438 184.687500
503.683594 246.406250
556.964844 266.718750
491.574219 274.531250
445.558594 255.781250
517.003906 329.218750
575.128906 352.656250
487.941406 377.656250
439.503906 344.843750
0.602656
0.255491
0.870780
0.830224
0.730825
0.752288
0.846078
0.875461
0.276389
0.973799
727 0 0 0
568.976562 191.347656
511.226562 185.066406
497.992188 246.308594
552.132812 265.152344
490.773438 273.003906
441.445312 254.160156
511.226562 327.964844
570.179688 351.519531
482.351562 378.214844
434.226562 345.238281
0.689304
0.497475
0.863230
0.808554
0.189586
0.835176
0.830962
0.872595
0.171864
0.960326
728 0 0 0
565.199219 189.437500
506.816406 186.187500
493.152344 246.312500
545.324219 265.812500
479.488281 277.187500
434.769531 254.437500
506.816406 327.562500
565.199219 351.937500
477.003906 381.187500
428.558594 345.437500
0.847756
0.798069
0.955630
0.862580
0.432865
0.772473
0.885245
0.926740
0.213303
0.981289
729 0 0 0
558.683594 194.335938
564.894531 198.882812
489.121094 247.382812
542.535156 265.570312
472.972656 276.179688
425.769531 254.960938
502.785156 329.226562
561.167969 350.445312
476.699219 377.726562
422.042969 347.414062
0.170778
0.006155
0.860727
0.823750
0.600282
0.687001
0.835764
0.832137
0.206402
0.894363
730 0 0 0
553.347656 193.851562
557.027344 195.367188
483.433594 246.898438
536.175781 266.601562
461.355469 275.695312
423.332031 252.960938
498.152344 328.742188
557.027344 351.476562
468.101562 379.515625
419.652344 346.929688
0.490340
0.012705
0.842965
0.859353
0.311265
0.746850
0.851627
0.867685
0.185211
0.985927
731 0 0 0
549.707031 191.546875
492.792969 185.171875
479.472656 247.328125
532.753906 268.046875
469.785156 276.015625
422.558594 256.890625
492.792969 328.609375
552.128906 350.921875
464.335938 383.593750
415.292969 346.140625
0.841152
0.642919
0.898770
0.881197
0.464614
0.838946
0.872301
0.907734
0.191453
0.954353
732 0 0 0
543.906250 187.660156
488.093750 186.011719
473.843750 247.003906
524.906250 266.785156
457.218750 278.324219
415.656250 253.597656
489.281250 329.425781
547.468750 350.855469
457.812500 384.648438
412.093750 347.558594
0.857353
0.845152
0.910046
0.869419
0.660178
0.722708
0.895087
0.888395
0.170437
0.995866
733 0 0 0
537.707031 187.808594
482.003906 186.144531
469.894531 247.714844
520.753906 266.019531
455.363281 277.667969
412.980469 256.035156
484.425781 329.253906
541.339844 349.222656
454.757812 386.664062
404.503906 349.222656
0.788136
0.826014
0.878191
0.877394
0.575609
0.704771
0.857302
0.879724
0.227891
0.947830
734 0 0 0
534.273438 186.031250
478.726562 184.343750
463.914062 246.781250
516.992188 265.343750
452.804688 277.156250
404.664062 256.906250
479.960938 327.781250
536.742188 349.718750
452.804688 385.156250
399.726562 348.031250
0.783369
0.878758
0.822019
0.863404
0.665234
0.703945
0.900644
0.933380
0.374860
0.978412
735 0 0 0
532.125000 189.636719
474.625000 186.277344
459.625000 248.425781
510.875000 266.902344
448.375000 276.980469
400.875000 256.824219
474.625000 329.050781
533.375000 350.886719
447.750000 388.679688
395.875000 349.207031
0.839659
0.795215
0.931315
0.838326
0.550875
0.735755
0.848627
0.902416
0.251213
0.975194
736 0 0 0
526.308594 192.546875
467.191406 186.171875
453.355469 248.328125
507.441406 265.859375
443.292969 277.015625
394.238281 256.296875
470.964844 331.203125
528.824219 350.328125
445.179688 384.593750
390.464844 350.328125
0.710680
0.639668
0.840896
0.857614
0.653376
0.691810
0.852451
0.921407
0.195425
0.907231
737 0 0 0
523.050781 195.484375
520.535156 195.484375
452.613281 247.546875
505.441406 265.921875
438.777344 278.171875
390.980469 256.734375
466.449219 330.234375
525.566406 350.140625
440.035156 377.703125
385.949219 350.140625
0.552469
0.008443
0.835478
0.852265
0.536851
0.734137
0.847093
0.855565
0.446319
0.951944
738 0 0 0
518.421875 193.546875
458.703125 187.171875
448.953125 249.328125
502.578125 268.453125
439.203125 278.015625
389.234375 257.296875
462.359375 332.203125
522.078125 351.328125
436.765625 383.203125
384.359375 352.921875
0.843805
0.582626
0.891229
0.871607
0.462651
0.717664
0.878175
0.894366
0.453615
0.971727
739 0 0 0
515.039062 192.746094
457.023438 186.277344
444.679688 249.347656
498.992188 268.753906
432.335938 280.074219
386.664062 257.433594
459.492188 331.824219
517.507812 352.847656
432.335938 381.957031
380.492188 351.230469
0.726155
0.571415
0.903622
0.862952
0.548058
0.737428
0.860422
0.887058
0.690375
0.983491
740 0 0 0
510.570312 192.660156
452.820312 189.363281
441.992188 250.355469
494.929688 268.488281
425.148438 284.972656
381.835938 258.597656
456.429688 332.777344
512.976562 352.558594
428.757812 387.175781
378.226562 352.558594
0.869543
0.748097
0.934571
0.838157
0.561299
0.703869
0.869807
0.929803
0.467771
0.986412
741 0 0 0
505.839844 193.882812
449.660156 188.867188
437.707031 250.726562
487.910156 269.117188
428.144531 279.148438
379.136719 260.757812
453.246094 332.648438
510.621094 352.710938
425.753906 389.492188
373.160156 352.710938
0.816529
0.778302
0.887509
0.809931
0.653286
0.727750
0.875236
0.912018
0.641072
0.989484
742 0 0 0
506.128906 194.972656
448.003906 187.941406
434.683594 251.222656
486.753906 272.316406
424.996094 279.347656
375.347656 261.769531
450.425781 332.082031
507.339844 353.175781
423.785156 386.574219
370.503906 354.933594
0.693166
0.897216
0.934439
0.819950
0.681844
0.772114
0.892125
0.911150
0.838007
0.997248
743 0 0 0
502.273438 189.699219
446.726562 187.941406
431.914062 252.980469
484.992188 270.558594
422.039062 282.863281
371.429688 261.769531
447.960938 333.839844
505.976562 354.933594
422.039062 390.089844
367.726562 356.691406
0.794854
0.903435
0.904357
0.821725
0.645908
0.767096
0.919392
0.867505
0.804339
0.945131
744 0 0 0
500.347656 192.253906
443.925781 190.542969
430.433594 252.136719
483.175781 270.957031
423.074219 279.511719
370.332031 262.402344
447.605469 334.261719
505.253906 356.503906
418.167969 392.433594
366.652344 354.792969
0.880029
0.868435
0.911024
0.848600
0.541058
0.791644
0.904843
0.890819
0.740415
1.001988
745 0 0 0
503.175781 189.625000
443.324219 187.875000
430.589844 252.625000
481.527344 270.125000
415.308594 284.125000
368.191406 261.375000
444.597656 334.875000
503.175781 357.625000
417.855469 390.875000
363.097656 357.625000
0.856607
0.855867
0.882344
0.852703
0.643140
0.728658
0.903820
0.899979
0.865711
0.995597
746 0 0 0
502.375000 189.550781
442.375000 187.808594
428.625000 254.011719
481.125000 271.433594
416.125000 283.628906
368.625000 262.722656
443.625000 335.894531
502.375000 358.542969
418.625000 393.386719
364.875000 358.542969
0.809451
0.876555
0.905433
0.849143
0.776463
0.760050
0.875361
0.856638
0.494478
0.978260
747 0 0 0
500.199219 191.476562
440.574219 189.742188
429.394531 253.914062
480.324219 272.992188
412.003906 285.132812
367.285156 262.585938
443.058594 337.164062
502.683594 359.710938
416.972656 396.132812
363.558594 359.710938
0.906257
0.869776
0.908147
0.839637
0.717775
0.774296
0.942728
0.834394
0.467625
0.960789
748 0 0 0
501.441406 190.699219
440.574219 188.941406
428.152344 255.738281
480.324219 273.316406
412.003906 287.378906
367.285156 262.769531
443.058594 336.597656
502.683594 357.691406
416.351562 400.757812
363.558594 361.207031
0.880613
0.865960
0.896465
0.838444
0.738431
0.774409
0.944585
0.907098
0.440016
0.966547
749 0 0 0
502.308594 191.550781
440.675781 189.808594
428.097656 256.011719
480.925781 273.433594
416.777344 285.628906
366.464844 262.980469
443.191406 339.636719
502.308594 360.542969
418.664062 399.742188
362.691406 362.285156
0.818059
0.859401
0.898919
0.861303
0.723480
0.728033
0.884371
0.867820
0.361419
0.988927
750 0 0 0
501.050781 192.402344
441.933594 190.675781
429.355469 254.558594
482.183594 273.550781
415.519531 285.636719
366.464844 263.191406
444.449219 337.433594
503.566406 359.878906
418.035156 396.136719
362.691406 361.605469
0.867539
0.856131
0.894449
0.858169
0.698793
0.768155
0.877296
0.868708
0.499868
0.991845
751 0 0 0
501.382812 192.550781
441.726562 190.808594
428.757812 255.269531
483.226562 272.691406
417.085938 286.628906
367.804688 265.722656
444.320312 338.894531
503.976562 359.800781
418.382812 394.644531
361.320312 361.542969
0.851832
0.804742
0.902953
0.838193
0.637692
0.777852
0.902741
0.894464
0.616874
0.969292
752 0 0 0
500.710938 195.476562
441.226562 193.742188
428.570312 256.179688
484.257812 275.257812
420.976562 285.664062
367.820312 266.585938
443.757812 341.164062
504.507812 361.976562
417.179688 398.398438
362.757812 361.976562
0.925504
0.813734
0.925276
0.858486
0.560116
0.793678
0.902543
0.903043
0.700746
0.987703
753 0 0 0
501.546875 191.996094
442.609375 190.207031
429.796875 256.402344
484.890625 276.082031
419.546875 286.816406
367.015625 265.347656
445.171875 340.488281
505.390625 361.957031
418.265625 397.738281
363.171875 361.957031
0.868087
0.854119
0.933758
0.858380
0.599714
0.788883
0.881933
0.914290
0.864936
0.997367
754 0 0 0
502.753906 189.996094
442.167969 188.207031
429.277344 254.402344
484.707031 274.082031
417.675781 284.816406
368.691406 263.347656
444.746094 338.488281
505.332031 359.957031
417.675781 399.316406
362.246094 361.746094
0.847394
0.855194
0.882761
0.852142
0.677855
0.778452
0.868207
0.910995
0.741382
0.989801
755 0 0 0
504.109375 189.218750
442.609375 187.406250
429.796875 254.468750
484.890625 274.406250
411.859375 287.093750
367.015625 263.531250
445.171875 337.843750
505.390625 361.406250
418.265625 397.656250
363.171875 361.406250
0.888712
0.868938
0.916444
0.851775
0.604746
0.803889
0.881868
0.911983
0.871601
0.983550
756 0 0 0
502.828125 192.195312
443.890625 188.539062
429.796875 256.179688
484.890625 276.289062
419.546875 289.085938
367.015625 265.320312
446.453125 338.445312
506.671875 362.210938
420.828125 400.601562
363.171875 364.039062
0.889563
0.850481
0.923592
0.885168
0.615068
0.795558
0.907886
0.896973
0.811225
0.981130
757 0 0 0
501.546875 191.218750
443.890625 189.406250
431.078125 254.656250
484.890625 276.406250
419.546875 287.281250
367.015625 265.531250
446.453125 339.843750
506.671875 361.593750
420.828125 397.843750
363.171875 363.406250
0.897725
0.821603
0.897437
0.872820
0.636231
0.785716
0.909714
0.891396
0.825403
0.974436
758 0 0 0
502.828125 192.144531
443.890625 190.339844
431.078125 255.308594
484.890625 275.160156
422.109375 285.988281
368.296875 266.136719
446.453125 338.324219
507.953125 361.785156
419.546875 399.683594
363.171875 363.589844
0.907250
0.817121
0.892418
0.844634
0.677997
0.778998
0.913648
0.916663
0.838622
0.986412
759 0 0 0
502.828125 192.195312
445.171875 188.539062
431.078125 256.179688
484.890625 276.289062
418.265625 290.914062
368.296875 267.148438
446.453125 338.445312
507.953125 362.210938
419.546875 400.601562
363.171875 364.039062
0.858472
0.894949
0.911424
0.869146
0.761205
0.747453
0.927693
0.923038
0.872075
0.963285
760 0 0 0
503.753906 192.113281
444.457031 186.605469
431.566406 254.535156
485.707031 276.566406
417.386719 289.417969
368.402344 265.550781
448.324219 338.988281
508.910156 361.019531
419.320312 407.835938
363.246094 364.691406
0.843985
0.898186
0.896170
0.851678
0.823634
0.772586
0.894664
0.875306
0.375020
0.962403
761 0 0 0
503.828125 192.031250
446.171875 188.406250
432.078125 255.468750
485.890625 277.218750
419.265625 289.906250
370.578125 266.343750
448.734375 340.656250
508.953125 362.406250
419.906250 406.812500
364.171875 366.031250
0.878798
0.890209
0.927002
0.851276
0.798196
0.773391
0.890673
0.873904
0.292581
0.990435
762 0 0 0
506.175781 191.218750
446.324219 189.406250
433.589844 256.468750
487.074219 278.218750
420.855469 290.906250
372.464844 267.343750
450.144531 341.656250
509.996094 363.406250
421.492188 407.812500
366.097656 367.031250
0.883241
0.886796
0.901646
0.828987
0.797060
0.735659
0.913227
0.914569
0.242205
0.956933
763 0 0 0
506.679688 192.144531
447.023438 190.339844
434.054688 257.113281
489.820312 276.964844
421.085938 291.402344
370.507812 267.941406
450.914062 341.933594
511.867188 363.589844
421.734375 407.804688
365.320312 367.199219
0.903703
0.815909
0.908464
0.859954
0.786619
0.767152
0.870954
0.889905
0.177874
0.945374
764 0 0 0
508.109375 191.292969
447.890625 189.472656
433.796875 256.824219
488.890625 276.847656
422.265625 289.589844
374.859375 267.746094
451.734375 342.378906
511.953125 364.222656
422.906250 408.820312
367.171875 366.042969
0.871200
0.858580
0.920388
0.851044
0.812192
0.782418
0.897378
0.917801
0.251017
0.970395
765 0 0 0
509.390625 194.699219
447.890625 191.183594
435.078125 257.980469
494.015625 277.316406
422.265625 293.136719
372.296875 268.527344
454.296875 342.355469
514.515625 365.207031
425.468750 404.757812
367.171875 368.722656
0.862440
0.804590
0.938698
0.831065
0.737527
0.733454
0.878490
0.886729
0.184964
0.942266
766 0 0 0
510.242188 193.847656
449.492188 192.074219
436.835938 257.691406
492.523438 278.972656
425.445312 289.613281
373.554688 268.332031
454.554688 342.816406
515.304688 365.871094
426.078125 405.773438
369.757812 369.417969
0.866689
0.773410
0.928844
0.854928
0.611882
0.802745
0.898022
0.914422
0.283726
1.010105
767 0 0 0
512.042969 192.070312
451.457031 190.273438
437.277344 256.757812
492.707031 278.320312
425.675781 289.101562
375.402344 267.539062
455.324219 343.007812
515.910156 364.570312
425.675781 400.507812
368.957031 368.164062
0.914024
0.805063
0.930153
0.850326
0.701498
0.697479
0.903851
0.857911
0.562936
0.995528
768 0 0 0
513.753906 191.339844
451.878906 191.339844
438.988281 258.113281
496.996094 277.964844
422.230469 292.402344
374.535156 268.941406
455.746094 344.738281
517.621094 368.199219
426.742188 408.804688
371.957031 370.003906
0.928210
0.815641
0.946796
0.849783
0.693764
0.814834
0.905928
0.882251
0.471376
0.999600
769 0 0 0
514.902344 192.875000
453.777344 192.875000
439.769531 259.375000
498.347656 280.375000
423.214844 294.375000
378.644531 268.125000
457.597656 345.125000
519.996094 369.625000
428.945312 403.750000
374.824219 369.625000
0.923226
0.767284
0.863411
0.853486
0.775966
0.820394
0.849788
0.869631
0.402563
0.946084
770 0 0 0
516.679688 193.074219
454.429688 189.527344
441.460938 258.691406
499.820312 279.972656
419.414062 292.386719
375.320312 269.332031
458.320312 345.589844
520.570312 368.644531
429.140625 406.773438
374.023438 372.191406
0.921184
0.746882
0.944751
0.860591
0.678942
0.770109
0.887373
0.888815
0.181720
0.996060
771 0 0 0
518.605469 195.808594
453.371094 190.582031
442.933594 258.527344
500.339844 279.433594
425.972656 295.113281
379.003906 268.980469
458.589844 345.636719
523.824219 370.027344
430.539062 405.742188
375.089844 371.769531
0.872745
0.773457
0.916709
0.859085
0.689344
0.785596
0.887107
0.870122
0.231312
0.952646
772 0 0 0
519.753906 195.140625
455.300781 191.578125
444.988281 261.046875
501.707031 282.421875
421.785156 294.890625
381.824219 271.734375
460.457031 348.328125
523.621094 369.703125
430.808594 405.328125
377.957031 371.484375
0.927693
0.774837
0.916902
0.846223
0.774446
0.813473
0.883155
0.871561
0.549161
0.034450
773 0 0 0
521.109375 196.144531
457.046875 190.730469
445.515625 261.113281
501.890625 280.964844
427.578125 295.402344
382.734375 271.941406
462.171875 347.738281
523.671875 369.394531
430.140625 405.488281
378.890625 374.808594
0.884180
0.748233
0.931602
0.847102
0.722351
0.841646
0.904703
0.905224
0.786831
0.029716
774 0 0 0
523.449219 193.367188
459.777344 191.539062
445.769531 261.007812
504.347656 282.945312
431.761719 297.570312
382.097656 270.148438
463.597656 348.757812
527.269531 370.695312
431.761719 405.429688
457.230469 200.679688
0.882139
0.842555
0.874948
0.832671
0.792793
0.827767
0.897361
0.897647
0.700842
0.012476
775 0 0 0
523.753906 196.652344
461.878906 191.003906
448.988281 262.550781
506.996094 285.144531
429.652344 300.207031
385.824219 271.964844
465.746094 351.042969
528.910156 373.636719
436.097656 413.175781
380.667969 379.285156
0.854194
0.877283
0.895209
0.805496
0.779110
0.796502
0.894746
0.901157
0.569312
0.011196
776 0 0 0
525.976562 197.144531
462.429688 195.339844
448.164062 262.113281
506.523438 285.574219
430.007812 300.011719
385.914062 274.746094
466.320312 350.542969
529.867188 374.003906
435.195312 406.488281
382.023438 381.222656
0.854869
0.785034
0.887933
0.849743
0.760071
0.811606
0.894087
0.857638
0.366957
0.020801
777 0 0 0
528.382812 196.562500
464.632812 190.937500
451.351562 262.187500
511.117188 284.687500
435.414062 299.687500
387.601562 273.437500
469.945312 352.187500
532.367188 374.687500
438.734375 416.875000
382.289062 380.312500
0.820251
0.881139
0.908695
0.847739
0.663736
0.765300
0.865623
0.864462
0.229812
1.001343
778 0 0 0
532.445312 195.773438
466.632812 194.007812
451.445312 262.867188
514.726562 284.054688
428.664062 298.179688
467.898438 358.210938
470.429688 352.914062
536.242188 379.398438
438.789062 404.117188
461.570312 202.835938
0.831018
0.869777
0.922888
0.826189
0.920605
0.002529
0.834859
0.839250
0.114528
0.004342
779 0 0 0
534.175781 197.144531
468.433594 195.339844
452.964844 263.917969
516.128906 285.574219
433.628906 301.816406
394.957031 276.550781
472.300781 350.542969
536.753906 379.417969
440.074219 406.488281
467.144531 204.363281
0.674126
0.872413
0.876213
0.841138
0.800669
0.098706
0.861417
0.761499
0.382013
0.005397
780 0 0 0
539.378906 202.269531
393.089844 372.183594
458.714844 263.886719
520.238281 288.160156
436.839844 303.097656
391.722656 275.089844
475.121094 355.378906
542.113281 383.386719
442.308594 426.332031
387.621094 381.519531
0.877100
0.010771
0.889037
0.854175
0.740808
0.778120
0.835503
0.849648
0.839432
0.948187
781 0 0 0
542.570312 202.398438
470.953125 197.671875
459.132812 266.679688
521.710938 289.367188
445.226562 302.601562
392.382812 276.132812
477.210938 355.539062
543.960938 380.117188
446.617188 425.492188
386.820312 382.007812
0.818335
0.008969
0.915365
0.842450
0.590749
0.760491
0.894490
0.901245
0.858619
0.955152
782 0 0 0
544.164062 203.398438
395.992188 375.445312
461.242188 265.789062
523.773438 290.367188
442.210938 307.382812
394.632812 277.132812
478.914062 356.539062
546.882812 384.898438
446.289062 430.273438
390.554688 383.007812
0.661372
0.010924
0.913165
0.824598
0.660600
0.702475
0.906374
0.861242
0.800750
0.969791
783 0 0 0
545.246094 201.441406
478.179688 194.742188
462.277344 268.433594
525.886719 289.488281
441.535156 302.886719
397.285156 278.003906
481.636719 358.394531
549.394531 383.277344
449.832031 429.214844
391.753906 385.191406
0.531221
0.037811
0.856053
0.779759
0.667845
0.703116
0.854846
0.871322
0.809274
0.975399
784 0 0 0
550.714844 197.769531
482.785156 194.003906
465.441406 267.433594
529.035156 290.027344
445.207031 305.089844
396.066406 276.847656
487.121094 357.808594
553.605469 386.050781
454.601562 420.882812
391.730469 386.050781
0.834004
0.846183
0.911229
0.857977
0.677983
0.748027
0.843109
0.871641
0.087035
0.971066
785 0 0 0
555.222656 205.339844
386.242188 377.148438
468.964844 266.089844
534.011719 290.769531
456.238281 307.855469
402.503906 277.480469
487.347656 359.113281
555.222656 383.792969
454.824219 431.253906
394.019531 387.589844
0.422359
0.011143
0.866160
0.811812
0.805732
0.690012
0.870753
0.857682
0.872840
0.972442
786 0 0 0
559.132812 206.492188
403.382812 379.460938
472.914062 267.992188
536.882812 291.054688
457.617188 308.351562
404.773438 279.523438
490.992188 360.242188
556.351562 383.304688
457.617188 435.195312
397.820312 387.148438
0.400037
0.007610
0.866839
0.809702
0.757734
0.691042
0.891809
0.867407
0.832591
0.985994
787 0 0 0
564.828125 208.601562
409.773438 383.183594
476.523438 269.285156
543.273438 293.558594
473.742188 306.628906
408.382812 280.488281
494.601562 360.777344
561.351562 386.917969
461.226562 437.332031
402.820312 390.652344
0.106592
0.010866
0.907657
0.809168
0.417492
0.787306
0.909796
0.861161
0.816115
0.943168
788 0 0 0
564.132812 228.960938
459.835938 304.757812
480.695312 269.179688
546.054688 292.382812
458.445312 309.398438
411.164062 280.007812
498.773438 358.898438
566.914062 389.835938
465.398438 414.585938
404.210938 388.289062
0.050968
0.004898
0.850099
0.777793
0.734698
0.752709
0.849532
0.746531
0.747845
0.990139
789 0 0 0
571.777344 200.050781
496.519531 198.042969
483.316406 270.324219
549.332031 292.410156
468.792969 308.472656
497.839844 372.722656
503.121094 362.683594
573.097656 392.800781
468.792969 438.980469
465.492188 446.007812
0.795421
0.603231
0.915849
0.853110
0.563717
0.002056
0.897952
0.855558
0.856156
0.008653
790 0 0 0
576.980469 201.292969
502.035156 197.214844
487.894531 272.660156
554.355469 295.089844
470.925781 311.402344
421.433594 282.855469
506.277344 366.457031
576.980469 395.003906
472.339844 441.902344
474.460938 449.039062
0.843879
0.819584
0.864612
0.852094
0.509643
0.877860
0.898337
0.888747
0.879944
0.014435
791 0 0 0
582.042969 202.613281
507.535156 200.683594
491.464844 272.082031
560.128906 297.167969
468.089844 310.675781
424.261719 283.660156
508.996094 366.636719
580.582031 397.511719
476.855469 432.246094
418.417969 393.652344
0.691924
0.010088
0.886181
0.852008
0.756376
0.784640
0.889555
0.876019
0.878562
1.003206
792 0 0 0
586.921875 202.570312
509.078125 200.648438
494.390625 271.757812
561.953125 296.742188
470.890625 310.195312
425.359375 283.289062
512.015625 367.851562
583.984375 396.679688
479.703125 433.195312
419.484375 392.835938
0.412044
0.007325
0.855443
0.804646
0.587626
0.744889
0.863290
0.888748
0.883676
0.986660
793 0 0 0
587.554688 204.824219
514.898438 198.894531
498.914062 274.003906
567.210938 301.675781
480.023438 313.535156
429.164062 287.839844
514.898438 368.878906
587.554688 398.527344
484.382812 438.058594
423.351562 396.550781
0.757582
0.473731
0.893793
0.787161
0.587152
0.833857
0.872520
0.908312
0.837004
0.976236
794 0 0 0
593.136719 204.796875
519.507812 197.906250
503.066406 275.671875
570.261719 301.265625
481.621094 315.046875
433.011719 287.484375
518.792969 370.171875
593.136719 399.703125
488.769531 437.109375
434.441406 383.953125
0.582634
0.087741
0.895210
0.802029
0.482364
0.742845
0.870620
0.852566
0.858877
0.017791
795 0 0 0
597.136719 205.000000
520.648438 196.000000
507.066406 275.000000
574.261719 303.000000
482.761719 313.000000
435.582031 287.000000
522.792969 371.000000
595.707031 401.000000
491.339844 439.000000
437.011719 383.000000
0.761856
0.305995
0.904675
0.808229
0.860791
0.817491
0.886545
0.893646
0.864464
0.009102
796 0 0 0
603.968750 229.410156
520.593750 314.292969
511.968750 274.253906
580.968750 299.878906
517.718750 314.292969
440.093750 285.464844
527.781250 367.144531
599.656250 402.378906
494.718750 418.394531
493.281250 418.394531
0.030541
0.004540
0.870166
0.753945
0.591581
0.768895
0.792898
0.808957
0.724242
0.006628
797 0 0 0
606.445312 220.968750
486.574219 316.203125
515.222656 276.453125
583.074219 304.609375
486.574219 316.203125
442.847656 288.046875
533.316406 370.859375
607.199219 407.296875
497.882812 429.656250
436.816406 402.328125
0.087005
0.005248
0.828224
0.826970
0.715809
0.746419
0.811514
0.853837
0.276301
0.849655
798 0 0 0
618.046875 222.980469
529.234375 221.347656
518.515625 276.863281
585.890625 304.621094
497.078125 317.683594
446.546875 286.660156
535.359375 373.199219
610.390625 412.386719
500.906250 424.632812
500.906250 424.632812
0.268181
0.014347
0.827164
0.783838
0.501562
0.789834
0.780974
0.729774
0.099093
0.006767
799 0 0 0
617.183594 215.625000
537.105469 213.875000
525.894531 278.625000
591.558594 306.625000
493.863281 318.875000
450.621094 289.125000
538.707031 376.625000
612.378906 408.125000
506.675781 423.875000
442.613281 404.625000
0.553310
0.021194
0.846999
0.822606
0.825151
0.815848
0.852643
0.763547
0.592771
0.925758
800 0 0 0
623.968750 219.699219
541.156250 219.699219
527.093750 279.582031
594.281250 308.667969
506.781250 322.355469
455.218750 291.558594
544.281250 377.105469
619.281250 411.324219
510.687500 432.710938
445.843750 404.480469
0.132632
0.003490
0.759942
0.797278
0.540373
0.767843
0.853001
0.786252
0.180215
0.971128
801 0 0 0
627.093750 218.679688
541.937500 212.390625
528.656250 281.570312
602.093750 310.320312
505.218750 324.695312
453.656250 294.148438
547.406250 378.601562
622.406250 412.742188
510.687500 438.796875
445.843750 409.148438
0.082376
0.005644
0.737401
0.816210
0.766602
0.719367
0.827239
0.864476
0.220141
0.795092
