50 10 10 10 50 1
540.930269 0.000000 425.540732 0.000000 522.989877 236.356631 0.000000 0.000000 1.000000 -0.187091 0.355838 0.152423
0.186255 0.355596 0.152043
0.185100 -0.014860 0.098440
-0.185435 -0.011588 0.095872
-0.192551 -0.011334 -0.245194
0.187423 -0.014491 -0.240470
0.196808 -0.369018 0.130646
-0.193670 -0.367949 0.128754
-0.198357 -0.368299 -0.247653
0.197354 -0.369123 -0.248179
-0.001262 0.256766 0.162981 -0.000282 0.256858 0.165900 -0.000012 0.281449 0.112352 -0.000388 0.281658 0.112268 -0.004380 0.285741 0.110610 0.007662 0.287023 0.109796 -0.000576 0.304958 0.135922 0.003623 0.308046 0.129327 -0.003478 0.308379 0.121766 0.001207 0.305168 0.125175 
0.112924 0.318374 -0.204886 -0.105548 0.315016 -0.204109 -0.070063 0.104852 -0.022237 0.081476 0.104872 -0.009704 0.085555 0.069078 0.232200 -0.090162 0.051433 0.266294 -0.150195 -0.203861 -0.205001 0.168012 -0.205766 -0.206625 0.171308 -0.205731 0.274963 -0.155429 -0.207779 0.275749 
0.005027 -0.188086 0.286283 0.011514 -0.189444 0.298828 -0.036841 -0.095530 0.204012 0.049987 -0.093635 0.208807 0.031743 -0.088311 0.293290 -0.009968 -0.093180 0.295089 0.003267 -0.135658 0.344543 0.014868 -0.132874 0.339438 -0.003019 -0.133799 0.280540 0.020616 -0.133123 0.273287 
-0.262133 -0.034586 -0.146299 0.260581 -0.032472 -0.148944 0.233282 0.283172 0.117684 -0.231904 0.272513 0.119188 -0.216201 0.220574 -0.058531 0.227496 0.214633 -0.044299 0.182800 -0.213135 0.066786 -0.187563 -0.217113 0.069830 -0.192160 -0.204057 0.024798 0.188424 -0.206213 0.023048 
-0.190091 0.042269 -0.173728 0.201616 0.047468 -0.183393 0.175979 -0.201803 0.021491 -0.155087 -0.214895 0.024708 -0.142919 -0.248220 0.170474 0.110696 -0.262354 0.231339 0.180167 0.187506 -0.190740 -0.178259 0.183131 -0.174457 -0.158097 0.191162 0.267281 0.153202 0.187170 0.274656 
-0.149981 0.485464 0.048686 0.138668 0.478848 0.063597 0.068699 -0.169985 0.249486 -0.070575 -0.163707 0.232435 -0.013739 -0.222985 -0.179295 0.026526 -0.210166 -0.189878 -0.032198 -0.064193 0.202030 0.025865 -0.067380 0.193594 0.075078 -0.067751 -0.133344 -0.037770 -0.062449 -0.142294 
-0.099874 0.027138 0.508924 0.154230 0.030074 0.452117 0.076049 0.016636 0.091839 -0.018464 0.021098 0.107777 0.009971 0.003152 0.052450 0.035579 0.035181 -0.029321 0.085065 -0.058377 -0.470948 -0.050784 -0.056023 -0.459837 0.033688 -0.075559 -0.048325 -0.007728 -0.084538 -0.045538 
-0.092422 -0.157291 -0.188361 0.085392 -0.167493 -0.183093 -0.020609 0.085366 0.418096 -0.014142 0.080554 0.418498 0.009635 -0.013328 0.178850 -0.111649 -0.070521 0.354140 -0.129999 0.057780 -0.070467 0.126782 0.043996 -0.112669 0.172688 0.070623 -0.324439 -0.130229 0.070404 -0.324066 
0.023432 0.164966 0.054015 -0.073625 0.166213 0.066345 -0.060375 0.062101 -0.202496 0.053852 0.054127 -0.225096 0.113379 -0.008374 0.147618 -0.262777 -0.111696 0.485130 0.287686 -0.073378 0.069720 -0.344689 -0.071179 0.066329 -0.207130 -0.041449 -0.284183 0.208003 -0.038810 -0.289541 
-0.268403 0.018142 0.076765 0.267631 -0.025302 0.143506 0.246461 0.007634 -0.309439 -0.236405 0.032039 -0.379491 -0.171032 0.027633 -0.015947 0.095456 -0.083007 0.317369 -0.322221 -0.003582 0.098689 0.383305 -0.003339 0.073699 0.183538 0.019262 -0.100598 -0.098865 0.018013 -0.064664 
0 0 1 1
501.661255 191.821091
442.246277 190.128204
429.810425 254.451233
482.825958 273.326355
416.051178 285.780731
366.812653 263.053864
444.967804 337.446198
504.320221 359.814819
418.614838 396.621338
363.277466 361.678802
1
1
1
1
1
1
1
1
1
1
0.500000 0.500000 3.500000
-1.000000 0.000000 0.000000 0.000000 -1.000000 0.000000 0.000000 0.000000 1.000000
0.500000 0.500000 3.500000
-0.0000000000 -0.0000000000 0.0000000000 0.0000000000 -0.0000000000 -0.0000000000 -0.0000000000 0.0000000000 -0.0000000000 -0.0000000000 
1 0 0 0
502.035706 192.584610
442.369385 190.728134
429.888855 255.323410
483.049927 274.439911
415.935760 286.835205
366.644745 263.691650
444.916351 338.529816
504.372192 361.189789
418.410065 397.875977
362.821594 362.720490
1
1
1
1
1
1
1
1
1
1
2 0 0 0
502.645935 192.032669
442.790710 190.430695
430.505585 255.189423
483.780212 274.279755
416.593018 286.879486
367.074585 263.833557
445.639526 338.557709
505.301575 361.160980
419.316864 398.371185
363.426819 362.940094
1
1
1
1
1
1
1
1
1
1
3 0 0 0
502.896393 190.640182
442.981049 188.885315
430.558868 253.882614
484.034973 273.207489
416.644165 285.870636
367.050720 262.583008
445.727661 337.442596
505.594666 360.130524
419.337494 397.539490
363.448822 362.201508
1
1
1
1
1
1
1
1
1
1
4 0 0 0
503.293518 190.565659
443.023682 188.880646
430.691040 253.928360
484.382416 273.329498
416.695801 286.197510
366.934784 262.641296
445.741730 337.778595
505.937592 360.768860
419.333344 398.187439
363.254944 362.655762
1
1
1
1
1
1
1
1
1
1
5 0 0 0
504.007843 191.094498
443.648254 189.372223
431.349060 254.867645
485.365417 274.217926
417.515564 287.355927
367.455536 263.786926
446.719177 338.665161
507.202972 361.797424
420.409851 399.795105
364.047241 363.950256
1
1
1
1
1
1
1
1
1
1
6 0 0 0
504.639801 190.183975
443.881958 188.570312
431.638885 254.235001
485.691650 273.561371
417.737854 286.841461
367.543488 263.054871
447.126007 338.254120
507.602112 361.313995
420.506012 399.594299
364.089111 363.688141
1
1
1
1
1
1
1
1
1
1
7 0 0 0
505.277863 189.953461
444.350769 188.338150
431.953003 254.245605
486.395691 273.716248
418.096313 287.001709
367.771759 263.064026
447.534668 338.407440
508.252502 361.835815
420.929810 400.047302
364.200195 363.927338
1
1
1
1
1
1
1
1
1
1
8 0 0 0
505.898041 190.668228
444.897034 188.931458
432.480957 255.089874
487.057983 274.773346
418.503021 288.115448
368.002563 263.815369
447.880737 339.471832
508.888031 363.140167
421.240112 401.637054
364.390259 365.174835
1
1
1
1
1
1
1
1
1
1
9 0 0 0
506.905334 189.785217
445.486481 188.085327
433.142181 254.463837
487.835785 274.271851
419.006714 287.607239
368.450439 263.187317
448.504761 339.026642
509.696503 362.838043
421.722778 401.499725
364.744080 364.848022
1
1
1
1
1
1
1
1
1
1
10 0 0 0
507.463715 190.200119
445.907471 188.280746
433.516083 254.826157
488.382172 274.944122
419.335632 288.365234
368.602631 263.530945
448.717285 339.635162
510.118469 363.742798
421.954437 402.664520
364.731628 365.601410
1
1
1
1
1
1
1
1
1
1
11 0 0 0
508.614502 190.884430
446.761017 189.248123
434.466461 256.163147
489.695190 276.222198
420.476654 289.940491
369.447662 265.038269
450.051117 341.028412
511.779236 365.215576
423.289795 404.643707
365.741486 367.580383
1
1
1
1
1
1
1
1
1
1
12 0 0 0
509.830261 190.401688
447.718567 188.701889
435.450867 255.837112
491.000336 275.927490
421.392242 289.868042
370.299530 264.759033
451.151672 340.999237
513.186646 365.219452
424.353577 404.927094
366.642273 367.701813
1
1
1
1
1
1
1
1
1
1
13 0 0 0
510.933258 190.331894
448.533600 188.458817
436.154480 255.775253
491.791626 276.172119
421.822540 289.998077
370.711243 264.519348
451.507874 341.261841
513.555298 365.821442
424.387634 405.613464
366.632446 367.712097
1
1
1
1
1
1
1
1
1
1
14 0 0 0
512.197876 190.557709
449.671661 189.054718
437.367706 256.686157
493.323975 277.093842
423.236664 291.184143
371.717865 265.611786
453.030701 342.310303
515.457520 366.935394
426.139526 407.156036
367.927643 369.152832
1
1
1
1
1
1
1
1
1
1
15 0 0 0
513.296021 190.576904
450.432068 188.980118
438.167938 256.810913
494.321167 277.518982
423.864777 291.528870
372.311707 265.646851
453.797241 342.680847
516.427307 367.563507
426.730743 407.901794
368.375458 369.693481
1
1
1
1
1
1
1
1
1
1
16 0 0 0
514.454956 189.658234
451.321686 187.834641
438.770721 256.022095
495.229523 276.761139
424.482605 290.874908
372.873535 264.744293
454.376526 342.029694
517.215576 367.223145
427.131836 407.692719
368.644653 368.989807
1
1
1
1
1
1
1
1
1
1
17 0 0 0
515.789062 190.086227
452.435150 188.440826
440.096558 256.973572
496.849884 277.714966
425.826965 292.022644
373.936096 265.797974
455.898010 343.007629
519.153137 368.446777
428.815948 409.386139
370.093109 370.505341
1
1
1
1
1
1
1
1
1
1
18 0 0 0
517.259644 191.257202
453.552155 189.594315
441.263245 258.414307
498.264008 279.235565
426.883240 293.873322
374.823181 267.370636
457.120178 344.937897
520.646484 370.420380
430.007080 411.816589
370.963654 372.605591
1
1
1
1
1
1
1
1
1
1
19 0 0 0
518.753540 190.516113
454.873871 188.663162
442.367432 257.719971
499.581421 278.897034
427.901794 293.430481
375.665192 266.567932
458.080933 344.538879
521.697205 370.338196
430.612946 411.696014
371.563538 372.044281
1
1
1
1
1
1
1
1
1
1
20 0 0 0
520.276001 190.638977
455.853729 188.803787
443.458313 258.182556
500.865143 279.424011
428.889008 293.985931
376.565979 266.742889
459.169312 344.964233
523.004395 371.164337
431.587708 412.652771
372.254913 372.729004
1
1
1
1
1
1
1
1
1
1
21 0 0 0
521.657776 191.865646
457.328339 190.114456
444.909821 259.774902
502.568726 281.044312
430.332855 295.950378
377.739197 268.602966
460.836426 346.972107
524.971497 373.375732
433.129974 415.256500
373.479980 374.759247
1
1
1
1
1
1
1
1
1
1
22 0 0 0
523.176514 191.463684
458.254120 189.532959
445.542114 259.355164
503.345612 281.055725
430.797760 295.783997
378.243774 267.842285
461.081940 346.791992
525.399902 373.581635
433.283539 415.396179
373.525177 374.716095
1
1
1
1
1
1
1
1
1
1
23 0 0 0
525.153809 191.588257
459.962341 189.698334
447.378601 259.914917
505.500275 281.689575
432.541840 296.651825
379.717102 268.515747
462.982330 347.580048
527.598450 374.359344
435.144287 416.721588
375.176147 375.702850
1
1
1
1
1
1
1
1
1
1
24 0 0 0
527.230835 193.163742
461.901611 191.378174
449.505188 261.955200
507.992279 283.591217
434.825958 298.938324
381.597992 270.713074
465.419556 349.802368
530.590210 376.658173
437.754944 419.739716
377.293365 378.566772
1
1
1
1
1
1
1
1
1
1
25 0 0 0
528.895386 193.470154
463.124603 191.412369
450.443115 262.142120
508.986877 284.425262
435.438141 299.480194
382.349518 270.673218
465.818817 350.511902
531.252808 378.003571
437.726624 420.730621
377.297974 378.783539
1
1
1
1
1
1
1
1
1
1
26 0 0 0
531.479675 192.789520
465.439789 190.832016
452.736206 261.989990
511.804962 284.288849
437.816772 299.597809
384.419342 270.547852
468.445801 350.524384
534.301941 378.335266
440.334503 421.459961
379.540070 379.264221
1
1
1
1
1
1
1
1
1
1
27 0 0 0
533.948059 193.390823
467.548187 191.556290
455.076263 263.018127
514.303345 285.393280
440.067291 300.987030
386.416962 271.575012
470.736237 351.755157
536.913269 379.822418
442.576965 423.416443
381.613007 380.775330
1
1
1
1
1
1
1
1
1
1
28 0 0 0
535.807800 195.441864
469.198944 193.107147
456.180756 264.868530
515.773682 287.702026
440.894775 303.080780
387.324707 273.022186
471.470032 354.128113
537.875183 382.618652
442.819427 426.231689
381.863800 382.709259
1
1
1
1
1
1
1
1
1
1
29 0 0 0
538.819153 194.834335
471.709778 192.592224
458.877045 264.816406
518.742554 287.843536
443.539612 303.335358
389.596680 273.038391
474.236847 354.299316
541.033447 383.156006
445.589142 426.866455
384.213654 383.083618
1
1
1
1
1
1
1
1
1
1
30 0 0 0
541.312500 194.351562
473.709167 192.266693
460.908173 264.784180
521.168823 287.946625
445.543182 303.712280
391.513184 272.980347
476.391602 354.530121
543.457764 383.635010
447.582062 427.660400
385.987732 383.706726
1
1
1
1
1
1
1
1
1
1
31 0 0 0
544.317505 196.239655
476.204437 193.810806
463.153656 266.577667
523.685364 290.215912
447.536774 305.791046
393.454803 274.510406
478.338013 356.706116
545.758240 386.528137
449.172791 430.592255
387.452393 385.704773
1
1
1
1
1
1
1
1
1
1
32 0 0 0
547.806274 195.826981
479.514526 193.626526
466.274872 266.832581
527.380920 290.585693
450.716339 306.484070
396.368134 274.838531
481.840546 357.371857
549.679993 387.557587
452.542694 431.702179
390.361847 386.700684
1
1
1
1
1
1
1
1
1
1
33 0 0 0
550.971130 195.584030
482.219543 193.426987
469.123840 267.089111
530.565369 290.827393
453.443848 306.835876
398.813629 274.938568
484.592224 357.723145
552.918396 388.323364
455.241699 432.655945
392.926270 387.212982
1
1
1
1
1
1
1
1
1
1
34 0 0 0
554.739868 195.882248
485.467804 193.420425
472.063812 267.403687
533.856750 291.807831
456.219940 307.583862
401.620209 275.053162
487.508911 358.552277
555.972717 389.489655
457.574860 434.009918
395.274261 387.863495
1
1
1
1
1
1
1
1
1
1
35 0 0 0
558.071960 196.876236
488.370605 194.584885
474.986023 269.035004
537.209045 293.562653
458.874573 309.478699
404.076874 276.435303
490.254944 360.536438
559.318604 392.067291
460.205505 436.642181
397.502686 389.870148
1
1
1
1
1
1
1
1
1
1
36 0 0 0
562.382812 197.580109
492.190521 195.210175
478.786011 270.047668
541.477722 294.810791
462.609955 310.965393
407.661469 277.448608
494.147125 361.827240
563.715759 393.899689
464.051086 438.823181
401.020721 391.484283
1
1
1
1
1
1
1
1
1
1
37 0 0 0
566.840454 196.717194
496.072601 194.440384
482.768005 269.808502
545.811035 294.764160
466.529022 311.071289
411.320984 277.193481
498.369476 361.990448
568.462585 394.484253
468.154297 439.608032
404.741333 391.656616
1
1
1
1
1
1
1
1
1
1
38 0 0 0
570.964844 196.674576
499.522278 194.340485
486.173370 270.122620
549.752075 295.320496
469.911041 311.669250
414.274933 277.296906
501.574829 362.632172
572.097412 395.466064
471.225494 440.621704
407.354523 392.420197
1
1
1
1
1
1
1
1
1
1
39 0 0 0
575.807434 197.280777
504.011810 194.948502
490.600342 271.395325
554.629944 296.754913
474.260559 313.229065
418.351715 278.350525
505.852203 364.197998
577.093750 397.615387
475.505035 442.859131
411.347626 394.173920
1
1
1
1
1
1
1
1
1
1
40 0 0 0
580.816589 197.516861
508.198456 195.285446
494.805298 272.074524
559.350220 297.797180
478.252625 314.478973
422.140106 278.932404
509.969757 365.402283
581.656616 399.262604
479.435364 444.458557
414.983887 395.280060
1
1
1
1
1
1
1
1
1
1
41 0 0 0
584.307190 196.704681
511.571411 194.293518
497.667969 271.609253
562.671082 297.707428
480.966309 314.214935
424.709198 277.882721
512.546509 365.075134
584.660828 399.688385
481.575104 444.668671
416.957977 394.700989
1
1
1
1
1
1
1
1
1
1
42 0 0 0
588.848633 198.651520
515.468018 196.423904
501.617126 274.355255
567.108215 300.764893
484.894043 317.269043
428.294098 280.533478
516.499023 368.346680
589.203857 403.518341
485.399536 448.813538
420.288116 398.140686
1
1
1
1
1
1
1
1
1
1
43 0 0 0
592.779236 198.936539
518.937256 197.067352
505.443665 275.400208
571.393433 302.033478
488.556915 318.840088
431.525208 281.602844
520.369019 369.691589
593.788330 405.512726
489.266815 451.118530
423.668549 399.853149
1
1
1
1
1
1
1
1
1
1
44 0 0 0
597.437744 198.142456
522.727539 195.873001
508.943115 274.829132
575.565308 301.730011
492.017242 318.546356
434.814026 280.700500
523.887329 369.578674
597.777283 405.883209
492.419281 451.407104
426.602966 399.389984
1
1
1
1
1
1
1
1
1
1
45 0 0 0
602.211365 198.404587
527.187378 196.201080
513.282898 275.919678
580.317261 303.038757
496.151489 319.766052
438.670898 281.469971
528.085571 370.827728
602.515259 407.860291
496.345428 453.287354
430.297302 400.847015
1
1
1
1
1
1
1
1
1
1
46 0 0 0
606.851196 199.975586
530.864868 197.537766
516.957031 277.663605
584.587646 305.245453
499.610291 322.071930
441.821075 283.138519
531.598694 373.170593
606.847168 410.734650
499.823120 455.799438
433.217743 403.340271
1
1
1
1
1
1
1
1
1
1
47 0 0 0
611.649170 200.485214
535.040771 197.998993
521.074585 278.541504
589.035278 306.534393
503.343903 323.396637
445.251312 283.631378
535.319641 374.467468
611.000916 412.949951
503.072327 457.747864
436.165009 404.473022
1
1
1
1
1
1
1
1
1
1
48 0 0 0
616.359375 200.895813
539.290955 198.152969
524.789246 279.350311
593.388855 307.667236
507.085632 324.429108
448.792419 283.955872
538.912292 375.598389
615.205200 414.625153
506.501648 459.684357
439.241852 405.528656
1
1
1
1
1
1
1
1
1
1
49 0 0 0
621.044434 201.869446
543.020203 199.227203
528.606812 281.092957
598.073547 309.567169
510.832275 326.573517
452.155975 285.482147
543.013977 377.657318
620.050171 417.413849
510.232788 462.760254
442.515930 407.786377
1
1
1
1
1
1
1
1
1
1
