230 10 10 10 229 1
540.930269 0.000000 425.540732 0.000000 522.989877 236.356631 0.000000 0.000000 1.000000 -0.187091 0.355838 0.152423
0.186255 0.355596 0.152043
0.185100 -0.014860 0.098440
-0.185435 -0.011588 0.095872
-0.192551 -0.011334 -0.245194
0.187423 -0.014491 -0.240470
0.196808 -0.369018 0.130646
-0.193670 -0.367949 0.128754
-0.198357 -0.368299 -0.247653
0.197354 -0.369123 -0.248179
-0.001262 0.256766 0.162981 -0.000282 0.256858 0.165900 -0.000012 0.281449 0.112352 -0.000388 0.281658 0.112268 -0.004380 0.285741 0.110610 0.007662 0.287023 0.109796 -0.000576 0.304958 0.135922 0.003623 0.308046 0.129327 -0.003478 0.308379 0.121766 0.001207 0.305168 0.125175 
0.112924 0.318374 -0.204886 -0.105548 0.315016 -0.204109 -0.070063 0.104852 -0.022237 0.081476 0.104872 -0.009704 0.085555 0.069078 0.232200 -0.090162 0.051433 0.266294 -0.150195 -0.203861 -0.205001 0.168012 -0.205766 -0.206625 0.171308 -0.205731 0.274963 -0.155429 -0.207779 0.275749 
0.005027 -0.188086 0.286283 0.011514 -0.189444 0.298828 -0.036841 -0.095530 0.204012 0.049987 -0.093635 0.208807 0.031743 -0.088311 0.293290 -0.009968 -0.093180 0.295089 0.003267 -0.135658 0.344543 0.014868 -0.132874 0.339438 -0.003019 -0.133799 0.280540 0.020616 -0.133123 0.273287 
-0.262133 -0.034586 -0.146299 0.260581 -0.032472 -0.148944 0.233282 0.283172 0.117684 -0.231904 0.272513 0.119188 -0.216201 0.220574 -0.058531 0.227496 0.214633 -0.044299 0.182800 -0.213135 0.066786 -0.187563 -0.217113 0.069830 -0.192160 -0.204057 0.024798 0.188424 -0.206213 0.023048 
-0.190091 0.042269 -0.173728 0.201616 0.047468 -0.183393 0.175979 -0.201803 0.021491 -0.155087 -0.214895 0.024708 -0.142919 -0.248220 0.170474 0.110696 -0.262354 0.231339 0.180167 0.187506 -0.190740 -0.178259 0.183131 -0.174457 -0.158097 0.191162 0.267281 0.153202 0.187170 0.274656 
-0.149981 0.485464 0.048686 0.138668 0.478848 0.063597 0.068699 -0.169985 0.249486 -0.070575 -0.163707 0.232435 -0.013739 -0.222985 -0.179295 0.026526 -0.210166 -0.189878 -0.032198 -0.064193 0.202030 0.025865 -0.067380 0.193594 0.075078 -0.067751 -0.133344 -0.037770 -0.062449 -0.142294 
-0.099874 0.027138 0.508924 0.154230 0.030074 0.452117 0.076049 0.016636 0.091839 -0.018464 0.021098 0.107777 0.009971 0.003152 0.052450 0.035579 0.035181 -0.029321 0.085065 -0.058377 -0.470948 -0.050784 -0.056023 -0.459837 0.033688 -0.075559 -0.048325 -0.007728 -0.084538 -0.045538 
-0.092422 -0.157291 -0.188361 0.085392 -0.167493 -0.183093 -0.020609 0.085366 0.418096 -0.014142 0.080554 0.418498 0.009635 -0.013328 0.178850 -0.111649 -0.070521 0.354140 -0.129999 0.057780 -0.070467 0.126782 0.043996 -0.112669 0.172688 0.070623 -0.324439 -0.130229 0.070404 -0.324066 
0.023432 0.164966 0.054015 -0.073625 0.166213 0.066345 -0.060375 0.062101 -0.202496 0.053852 0.054127 -0.225096 0.113379 -0.008374 0.147618 -0.262777 -0.111696 0.485130 0.287686 -0.073378 0.069720 -0.344689 -0.071179 0.066329 -0.207130 -0.041449 -0.284183 0.208003 -0.038810 -0.289541 
-0.268403 0.018142 0.076765 0.267631 -0.025302 0.143506 0.246461 0.007634 -0.309439 -0.236405 0.032039 -0.379491 -0.171032 0.027633 -0.015947 0.095456 -0.083007 0.317369 -0.322221 -0.003582 0.098689 0.383305 -0.003339 0.073699 0.183538 0.019262 -0.100598 -0.098865 0.018013 -0.064664 
2 0 1 1
305.671875 168.437500
262.195312 169.656250
266.023438 203.781250
310.867188 202.968750
322.351562 207.031250
280.242188 214.343750
263.835938 254.156250
310.320312 251.718750
325.085938 263.906250
275.046875 270.812500
0.062210
0.085033
0.475116
0.691506
0.854433
0.558544
0.907322
0.869772
0.636682
0.180184
-1.354419 -0.192566 5.486312
-1.000000 0.000000 0.000000 0.000000 -1.000000 0.000000 0.000000 0.000000 1.000000
0.500000 0.500000 3.500000
-0.0000000000 -0.0000000000 0.0000000000 0.0000000000 -0.0000000000 -0.0000000000 -0.0000000000 0.0000000000 -0.0000000000 -0.0000000000 
3 0 0 0
307.898438 169.437500
261.417969 170.656250
266.550781 203.968750
310.464844 202.343750
322.441406 208.031250
280.238281 212.906250
264.839844 254.343750
311.035156 251.906250
325.863281 264.093750
274.820312 271.812500
0.021284
0.020317
0.640707
0.790418
0.786241
0.389692
0.818392
0.824942
0.876886
0.132926
4 0 0 0
306.367188 169.414062
262.269531 170.621094
265.042969 204.417969
309.972656 202.808594
321.621094 206.832031
268.371094 203.613281
263.378906 255.113281
309.972656 251.894531
326.058594 263.964844
275.582031 267.988281
0.042280
0.010394
0.363010
0.779021
0.882170
0.372411
0.872448
0.789876
0.842724
0.392487
5 0 0 0
307.476562 169.437500
262.269531 170.656250
262.269531 206.406250
309.972656 202.343750
321.621094 206.406250
267.261719 203.968750
263.378906 255.968750
310.527344 252.718750
326.058594 264.093750
274.195312 271.812500
0.036700
0.009592
0.445303
0.761673
0.793280
0.585914
0.808177
0.832290
0.849647
0.113473
6 0 0 0
306.765625 168.460938
262.195312 169.691406
263.835938 204.964844
310.867188 202.503906
322.351562 206.605469
271.492188 212.347656
264.382812 255.824219
309.773438 251.722656
326.726562 264.847656
275.046875 271.820312
0.032108
0.109597
0.569156
0.696136
0.851443
0.296138
0.911032
0.857061
0.471319
0.137510
7 0 0 0
307.476562 170.390625
328.554688 173.578125
262.824219 204.257812
311.636719 203.460938
322.175781 207.445312
268.925781 204.257812
263.378906 255.257812
309.972656 250.476562
326.613281 262.429688
275.304688 270.796875
0.024453
0.008387
0.151268
0.354745
0.588625
0.605727
0.203182
0.436370
0.813122
0.085078
8 0 0 0
307.476562 169.414062
262.269531 171.425781
267.261719 203.613281
310.527344 202.808594
322.730469 206.027344
282.792969 213.269531
263.378906 254.308594
309.972656 251.089844
326.613281 263.160156
275.304688 270.804688
0.031488
0.015206
0.445261
0.730686
0.796913
0.492982
0.713809
0.744397
0.801798
0.101804
9 0 0 0
307.476562 169.437500
262.269531 170.656250
262.824219 205.593750
311.082031 203.156250
323.285156 207.218750
268.371094 203.968750
263.378906 256.781250
310.527344 252.718750
327.167969 262.468750
274.195312 271.812500
0.030882
0.011653
0.361531
0.413336
0.483617
0.668874
0.632410
0.694390
0.766686
0.030614
10 0 0 0
307.898438 169.437500
261.988281 170.656250
263.699219 203.968750
310.464844 203.156250
322.441406 207.218750
267.691406 203.968750
265.410156 254.343750
310.464844 251.906250
327.003906 264.093750
275.960938 271.812500
0.029283
0.007887
0.350958
0.560718
0.723926
0.496725
0.801310
0.726979
0.832438
0.140242
11 0 0 0
307.476562 169.414062
262.269531 170.621094
267.816406 203.613281
311.082031 202.808594
323.285156 206.027344
281.128906 213.269531
265.597656 253.503906
310.527344 252.699219
327.722656 263.964844
276.414062 270.804688
0.035969
0.009742
0.536819
0.561374
0.808454
0.519875
0.730061
0.821402
0.637432
0.145514
12 0 0 0
307.859375 170.367188
263.289062 172.339844
264.382812 205.480469
312.507812 203.902344
322.351562 208.636719
268.757812 204.691406
266.023438 252.035156
310.867188 252.824219
327.546875 265.054688
276.140625 269.789062
0.024514
0.013262
0.316672
0.388202
0.623172
0.325098
0.790239
0.772373
0.088916
0.208876
13 0 0 0
307.859375 169.414062
262.742188 171.425781
264.929688 205.222656
312.507812 204.417969
322.351562 208.441406
268.757812 203.613281
266.023438 252.699219
310.867188 252.699219
327.546875 265.976562
276.140625 270.804688
0.043894
0.352610
0.211048
0.569763
0.771018
0.341232
0.698914
0.805490
0.129349
0.095355
14 0 0 0
308.953125 172.367188
262.742188 173.550781
266.023438 205.902344
311.960938 205.113281
321.804688 209.058594
268.210938 206.691406
266.023438 254.824219
310.867188 254.035156
327.546875 265.476562
276.140625 271.789062
0.015766
0.006643
0.497915
0.737584
0.865076
0.474666
0.856735
0.802997
0.197814
0.230339
15 0 0 0
307.476562 174.367188
311.636719 176.339844
264.488281 207.902344
263.378906 208.691406
270.035156 209.480469
269.480469 207.902344
311.082031 256.824219
263.933594 259.191406
272.253906 260.769531
276.414062 273.789062
0.009931
0.005352
0.120110
0.185451
0.144632
0.477989
0.559619
0.053776
0.066028
0.039710
16 0 0 0
261.714844 174.550781
310.527344 174.550781
312.746094 206.113281
263.933594 208.480469
268.925781 207.691406
323.839844 208.480469
311.082031 255.824219
264.488281 258.191406
272.253906 259.769531
276.414062 272.789062
0.004983
0.012303
0.480573
0.423997
0.163226
0.443617
0.614256
0.170702
0.098756
0.022627
17 0 0 0
308.312500 173.390625
328.562500 178.171875
263.593750 207.257812
311.968750 206.460938
322.656250 210.445312
268.093750 207.257812
265.843750 255.867188
310.281250 255.070312
327.156250 267.820312
275.968750 271.007812
0.021392
0.005545
0.378950
0.686393
0.734694
0.455359
0.881847
0.884915
0.737394
0.360090
18 0 0 0
308.953125 174.367188
262.195312 175.550781
265.476562 207.902344
311.960938 207.113281
322.351562 211.058594
268.757812 207.902344
266.023438 256.824219
310.320312 255.246094
327.546875 269.054688
276.414062 272.605469
0.020453
0.004668
0.384299
0.744476
0.800810
0.446382
0.800018
0.862316
0.085608
0.167992
19 0 0 0
309.437500 174.390625
310.843750 175.585938
263.593750 208.257812
311.406250 206.664062
322.656250 210.648438
268.093750 208.257812
265.843750 257.664062
310.281250 256.070312
327.156250 268.820312
275.968750 273.601562
0.029436
0.005452
0.463147
0.715213
0.818449
0.468804
0.885458
0.891535
0.710058
0.301194
20 0 0 0
310.179688 172.414062
262.558594 173.621094
263.699219 207.417969
311.605469 205.003906
323.011719 209.027344
268.261719 206.613281
265.410156 256.503906
310.464844 254.089844
327.003906 266.964844
276.246094 272.597656
0.043052
0.006953
0.320364
0.765256
0.713784
0.524835
0.829465
0.899217
0.836148
0.251332
21 0 0 0
309.437500 173.390625
262.468750 174.585938
263.593750 207.257812
311.968750 205.664062
322.656250 210.445312
268.656250 207.257812
265.843750 257.460938
310.281250 255.070312
327.156250 267.820312
276.531250 271.007812
0.030551
0.006239
0.598973
0.709669
0.849580
0.501200
0.873442
0.881940
0.699371
0.375721
22 0 0 0
308.312500 172.414062
262.468750 173.621094
264.156250 207.417969
311.968750 205.003906
322.656250 209.027344
268.656250 207.417969
265.843750 256.503906
310.281250 254.894531
327.718750 266.964844
276.531250 267.769531
0.032914
0.004795
0.487051
0.651087
0.839444
0.568651
0.879814
0.897087
0.620737
0.539189
23 0 0 0
307.859375 172.390625
309.773438 254.070312
264.382812 206.257812
311.414062 204.664062
322.351562 209.445312
268.757812 205.460938
263.289062 256.460938
309.773438 254.070312
327.546875 266.421875
277.234375 272.796875
0.019946
0.011017
0.114021
0.553995
0.582569
0.610101
0.525156
0.851423
0.043356
0.076624
24 0 0 0
306.765625 172.367188
261.648438 173.550781
263.289062 207.480469
311.414062 205.113281
322.351562 208.269531
280.789062 215.371094
262.742188 257.191406
310.320312 254.035156
325.085938 268.238281
275.867188 269.816406
0.019454
0.007417
0.626627
0.522968
0.899975
0.189765
0.778990
0.768618
0.100063
0.170624
25 0 0 0
307.132812 171.367188
261.582031 172.550781
265.894531 204.902344
311.175781 204.113281
321.417969 208.847656
279.371094 214.371094
262.660156 255.402344
310.097656 255.402344
326.539062 266.054688
275.058594 262.503906
0.021950
0.005815
0.693459
0.711381
0.888202
0.650769
0.798438
0.794569
0.069150
0.681007
26 0 0 0
306.054688 170.414062
261.851562 170.414062
265.894531 204.613281
310.636719 204.613281
320.878906 207.832031
279.910156 214.269531
262.660156 256.113281
309.019531 253.699219
325.730469 265.769531
274.519531 268.183594
0.039490
0.056298
0.612606
0.636412
0.921249
0.427615
0.856183
0.910685
0.498052
0.635267
27 0 0 0
307.132812 173.367188
261.582031 175.339844
262.121094 207.691406
310.097656 204.535156
320.878906 208.480469
265.355469 207.691406
262.660156 257.402344
308.480469 253.457031
325.191406 266.082031
273.980469 266.871094
0.011984
0.007961
0.327482
0.745070
0.877073
0.111852
0.834548
0.787229
0.704550
0.182735
28 0 0 0
262.933594 257.402344
261.269531 175.339844
261.269531 207.691406
309.527344 204.535156
321.175781 209.269531
265.707031 206.113281
262.933594 257.402344
307.308594 254.246094
324.503906 266.082031
273.472656 270.027344
0.008976
0.006240
0.162529
0.756969
0.675312
0.206072
0.822853
0.803631
0.834045
0.214407
29 0 0 0
306.054688 171.414062
261.582031 173.425781
262.121094 208.027344
309.558594 204.808594
321.417969 207.222656
279.910156 214.464844
263.199219 257.113281
308.480469 254.699219
324.652344 266.769531
274.519531 265.160156
0.029828
0.003949
0.300256
0.683633
0.850362
0.722302
0.909715
0.860726
0.724967
0.630072
30 0 0 0
307.187500 172.414062
261.906250 173.621094
265.281250 205.808594
309.718750 205.808594
321.531250 209.027344
270.343750 215.464844
261.906250 257.308594
308.031250 254.894531
325.468750 266.964844
274.281250 265.355469
0.028302
0.005124
0.609549
0.792678
0.796323
0.370465
0.800019
0.860849
0.883549
0.614347
31 0 0 0
307.187500 172.390625
261.906250 173.585938
265.281250 207.054688
310.843750 205.460938
323.218750 209.445312
279.906250 215.820312
264.156250 259.648438
309.156250 255.664062
325.468750 267.617188
274.281250 264.429688
0.045532
0.007829
0.419785
0.625224
0.817958
0.698857
0.824374
0.779974
0.766894
0.624868
32 0 0 0
308.609375 173.414062
262.070312 174.621094
264.382812 207.613281
313.523438 206.003906
325.085938 210.027344
270.164062 207.613281
266.117188 256.699219
311.210938 255.089844
327.976562 267.964844
276.234375 274.804688
0.030911
0.004932
0.525685
0.695343
0.751559
0.546909
0.827234
0.782186
0.798305
0.184198
33 0 0 0
313.062500 175.390625
267.781250 177.382812
270.031250 210.851562
315.031250 207.664062
325.156250 216.429688
288.031250 218.820312
268.906250 261.054688
313.343750 257.867188
329.656250 271.414062
278.187500 275.796875
0.013915
0.008605
0.186207
0.776082
0.705414
0.403087
0.322754
0.890334
0.727311
0.167413
34 0 0 0
315.898438 175.460938
268.847656 176.691406
271.699219 211.144531
316.753906 208.683594
329.871094 213.605469
288.808594 219.347656
271.128906 260.363281
315.613281 259.542969
332.722656 271.847656
283.105469 269.386719
0.010407
0.012995
0.674294
0.782089
0.648569
0.425535
0.695774
0.797093
0.876855
0.283125
35 0 0 0
317.765625 171.531250
273.195312 173.640625
275.929688 209.078125
320.226562 208.234375
331.710938 213.296875
288.507812 217.515625
273.195312 263.078125
316.945312 258.015625
334.445312 270.671875
269.640625 260.968750
0.105969
0.530673
0.572019
0.704342
0.877732
0.345463
0.915920
0.900983
0.834190
0.023935
36 0 0 0
320.765625 173.484375
276.195312 175.554688
276.742188 211.992188
324.867188 209.507812
335.257812 215.304688
292.054688 218.617188
276.742188 262.507812
321.585938 257.539062
337.992188 270.789062
287.953125 277.828125
0.121892
0.315659
0.470202
0.684838
0.809201
0.349664
0.918898
0.895757
0.869880
0.139996
37 0 0 0
322.785156 172.796875
278.582031 174.484375
280.738281 211.609375
327.097656 209.921875
338.417969 214.984375
285.589844 219.203125
279.660156 263.078125
324.402344 260.546875
341.113281 271.515625
290.710938 277.843750
0.494708
0.676314
0.467896
0.731771
0.745238
0.661524
0.881371
0.751666
0.822870
0.117965
38 0 0 0
325.367188 169.507812
281.269531 173.269531
281.824219 211.722656
329.527344 207.542969
341.730469 213.394531
289.589844 216.738281
281.824219 261.042969
327.308594 257.699219
343.949219 271.074219
294.304688 274.835938
0.251817
0.792264
0.587560
0.784031
0.661705
0.172768
0.840047
0.829194
0.772162
0.138139
39 0 0 0
329.187500 172.460938
283.906250 173.691406
283.906250 209.785156
331.718750 206.503906
343.531250 212.246094
294.031250 217.988281
284.468750 259.824219
330.031250 257.363281
346.906250 269.667969
296.843750 266.386719
0.021602
0.039827
0.347515
0.618917
0.836591
0.670448
0.795430
0.847516
0.843931
0.574085
40 0 0 0
332.132812 169.507812
287.121094 171.597656
288.199219 208.378906
336.714844 207.542969
346.417969 210.886719
290.355469 210.050781
287.660156 259.371094
334.019531 256.863281
349.652344 268.566406
298.441406 272.746094
0.115406
0.538388
0.423230
0.423872
0.790611
0.158296
0.852327
0.683068
0.639362
0.156832
41 0 0 0
333.609375 168.796875
290.046875 169.640625
292.703125 205.921875
336.796875 205.078125
347.953125 209.296875
293.234375 207.609375
289.515625 258.234375
336.265625 255.703125
352.203125 267.515625
300.671875 271.734375
0.147011
0.295833
0.416023
0.208395
0.614801
0.284417
0.893936
0.755404
0.748809
0.114320
42 0 0 0
335.132812 167.507812
290.121094 169.597656
290.660156 206.378906
340.253906 203.871094
349.417969 209.722656
306.832031 213.902344
290.660156 257.371094
337.019531 254.027344
353.730469 266.566406
301.980469 269.910156
0.057874
0.524653
0.365680
0.394078
0.770827
0.429331
0.802214
0.844534
0.294621
0.392754
43 0 0 0
336.765625 170.460938
351.804688 206.144531
292.195312 206.964844
340.867188 204.503906
352.351562 207.785156
298.210938 203.683594
292.742188 257.003906
339.226562 253.722656
355.632812 266.847656
304.773438 270.128906
0.041973
0.005494
0.271789
0.392021
0.758039
0.468648
0.595317
0.838685
0.815446
0.290529
44 0 0 0
338.898438 168.484375
292.988281 169.726562
298.121094 205.335938
342.605469 203.679688
354.011719 209.476562
310.097656 213.617188
295.839844 255.851562
340.324219 252.539062
356.863281 266.617188
306.675781 271.585938
0.065896
0.282375
0.659826
0.663880
0.801298
0.754829
0.845451
0.848262
0.803526
0.477948
45 0 0 0
341.765625 167.484375
362.578125 170.796875
296.382812 203.507812
344.945312 201.851562
355.929688 209.304688
312.570312 212.617188
298.117188 253.195312
343.210938 251.539062
359.398438 264.789062
307.078125 271.828125
0.045992
0.012066
0.271755
0.567962
0.573720
0.547887
0.783479
0.867242
0.856940
0.266028
46 0 0 0
342.320312 166.507812
295.738281 167.761719
301.011719 202.871094
347.886719 202.035156
357.847656 208.722656
313.902344 212.066406
299.839844 255.535156
344.371094 251.355469
360.777344 265.566406
309.214844 268.910156
0.059289
0.121258
0.241711
0.575114
0.632492
0.593761
0.886149
0.894000
0.828996
0.579049
47 0 0 0
345.476562 168.507812
299.714844 170.597656
300.269531 204.871094
346.863281 201.527344
359.621094 206.542969
316.355469 212.394531
300.824219 254.191406
345.199219 250.847656
361.285156 265.058594
311.917969 264.222656
0.017171
0.007441
0.722662
0.785426
0.779112
0.378189
0.848069
0.813034
0.909536
0.504018
48 0 0 0
344.257812 168.484375
347.308594 245.085938
302.933594 202.023438
347.308594 200.367188
360.066406 205.335938
302.378906 206.164062
301.269531 253.367188
345.644531 250.054688
361.730469 264.132812
312.917969 264.960938
0.006375
0.005594
0.409577
0.851088
0.870491
0.197252
0.923684
0.852444
0.885505
0.147496
49 0 0 0
301.195312 253.191406
300.648438 202.199219
302.289062 201.363281
347.679688 199.691406
359.164062 205.542969
302.835938 205.542969
301.195312 253.191406
346.039062 250.683594
362.445312 264.058594
312.132812 264.894531
0.010395
0.004658
0.241720
0.817636
0.790040
0.171161
0.937858
0.860239
0.870835
0.132998
50 0 0 0
346.187500 167.507812
299.781250 169.597656
302.031250 203.035156
347.593750 199.691406
360.531250 206.378906
316.093750 211.394531
300.906250 253.191406
346.468750 252.355469
361.656250 265.730469
311.593750 264.058594
0.012890
0.020510
0.405432
0.826790
0.781182
0.330256
0.888817
0.862749
0.847129
0.192385
51 0 0 0
345.898438 164.601562
299.417969 165.902344
302.269531 201.457031
346.753906 199.722656
358.730469 205.792969
313.675781 210.128906
300.558594 254.355469
345.042969 250.019531
361.582031 264.761719
311.964844 265.628906
0.020711
0.099693
0.160028
0.794659
0.680823
0.196729
0.817192
0.910963
0.934666
0.769303
52 0 0 0
344.406250 165.507812
295.718750 165.507812
297.796875 201.871094
345.890625 199.363281
357.171875 204.378906
300.765625 201.871094
298.984375 251.191406
344.703125 249.519531
361.328125 262.894531
309.078125 262.894531
0.035190
0.007250
0.434967
0.777325
0.679840
0.589252
0.856896
0.812546
0.853193
0.321341
53 0 0 0
341.320312 163.554688
294.738281 164.832031
295.910156 200.597656
345.714844 199.746094
356.847656 205.707031
311.144531 209.113281
298.253906 253.394531
343.957031 249.988281
360.363281 263.613281
307.628906 269.574219
0.038919
0.147046
0.421470
0.650853
0.755596
0.738684
0.850815
0.725391
0.801641
0.331579
54 0 0 0
341.320312 162.507812
295.324219 163.761719
296.496094 198.871094
345.128906 197.199219
356.847656 202.214844
312.902344 207.230469
298.253906 250.699219
343.371094 248.191406
360.949219 260.730469
308.214844 264.910156
0.031412
0.021429
0.651227
0.702652
0.808113
0.642737
0.891515
0.899898
0.826589
0.537557
55 0 0 0
341.031250 162.531250
293.234375 163.796875
295.609375 199.234375
343.109375 197.546875
356.171875 201.765625
314.609375 207.671875
296.796875 250.703125
342.515625 248.171875
359.140625 262.515625
307.484375 267.578125
0.018393
0.005887
0.488670
0.783431
0.738759
0.681169
0.827389
0.892407
0.881887
0.326307
56 0 0 0
339.187500 165.484375
292.781250 202.335938
293.343750 201.507812
343.406250 199.023438
354.093750 208.132812
301.781250 208.960938
294.468750 252.851562
342.281250 251.195312
358.031250 262.789062
358.593750 263.617188
0.006495
0.004561
0.115492
0.584786
0.218610
0.070462
0.518641
0.149149
0.558442
0.133102
57 0 0 0
337.898438 164.507812
342.175781 166.597656
291.988281 200.871094
342.746094 198.363281
347.308594 209.230469
297.691406 199.199219
293.699219 253.535156
342.175781 250.191406
357.003906 262.730469
303.679688 269.835938
0.015822
0.004559
0.118206
0.299152
0.186742
0.552236
0.382016
0.446240
0.771234
0.127047
58 0 0 0
336.312500 164.531250
351.781250 203.765625
291.031250 201.234375
340.531250 199.546875
351.218750 204.609375
311.281250 210.515625
293.281250 248.484375
338.281250 250.171875
356.562500 262.406250
302.562500 270.843750
0.023435
0.006300
0.100781
0.626859
0.551102
0.546418
0.786725
0.836803
0.024570
0.268211
59 0 0 0
336.437500 163.531250
337.281250 164.796875
290.031250 201.078125
288.906250 203.609375
293.968750 201.078125
294.531250 200.234375
337.843750 250.015625
331.656250 240.734375
297.343750 255.078125
302.687500 269.843750
0.005863
0.007697
0.084631
0.298985
0.115444
0.232312
0.486255
0.118318
0.042893
0.066664
60 0 0 0
333.187500 164.554688
287.906250 166.683594
288.468750 204.152344
339.093750 200.746094
348.656250 206.707031
308.156250 212.667969
289.593750 252.691406
336.281250 252.691406
350.343750 266.316406
300.843750 262.910156
0.021244
0.141541
0.473429
0.675581
0.903925
0.438879
0.766909
0.820439
0.267508
0.495951
61 0 0 0
332.320312 165.554688
285.738281 166.832031
289.253906 202.597656
336.714844 201.746094
348.433594 208.558594
304.488281 211.964844
288.667969 255.394531
334.371094 253.691406
351.363281 265.613281
298.335938 272.851562
0.017947
0.071060
0.364183
0.563195
0.628421
0.679963
0.775991
0.806139
0.811513
0.246456
62 0 0 0
330.742188 164.578125
282.917969 165.867188
286.527344 201.960938
334.050781 200.242188
346.082031 206.257812
299.761719 211.414062
285.324219 256.101562
332.246094 252.664062
349.089844 266.414062
296.152344 271.570312
0.026329
0.009451
0.669395
0.782867
0.775455
0.791419
0.829667
0.909733
0.877151
0.450009
63 0 0 0
328.320312 164.601562
280.566406 166.769531
281.152344 204.058594
330.957031 200.589844
343.261719 207.527344
298.144531 211.863281
281.738281 256.089844
330.371094 253.488281
346.191406 266.496094
292.871094 271.699219
0.013551
0.017895
0.310712
0.753024
0.704419
0.741359
0.890124
0.771323
0.861616
0.440320
64 0 0 0
289.585938 242.621094
278.007812 166.832031
282.882812 202.597656
327.976562 200.894531
340.773438 207.707031
296.898438 212.816406
280.445312 254.542969
326.757812 253.691406
343.820312 267.316406
291.109375 272.851562
0.008688
0.080905
0.641870
0.732640
0.776239
0.655956
0.758653
0.846729
0.857454
0.330165
65 0 0 0
323.453125 164.625000
275.617188 165.937500
278.054688 202.687500
326.195312 201.812500
338.992188 207.937500
292.070312 213.187500
277.445312 256.937500
324.976562 254.312500
342.039062 268.312500
288.414062 271.812500
0.024263
0.147648
0.494075
0.739997
0.756798
0.687888
0.846984
0.889231
0.843305
0.584400
66 0 0 0
320.441406 164.078125
272.316406 165.890625
273.519531 204.859375
324.652344 203.046875
336.683594 208.484375
289.761719 213.015625
275.925781 257.421875
322.847656 254.703125
340.292969 269.203125
285.851562 276.906250
0.251729
0.733573
0.277867
0.778638
0.818230
0.599810
0.866018
0.891255
0.890696
0.443342
67 0 0 0
318.742188 166.671875
270.316406 168.898438
272.121094 205.414062
323.253906 204.523438
334.683594 209.867188
289.566406 216.101562
273.925781 259.742188
322.652344 257.960938
338.292969 270.429688
283.851562 278.890625
0.185693
0.625639
0.634721
0.740310
0.822358
0.633343
0.905363
0.852515
0.883966
0.303009
68 0 0 0
318.164062 165.695312
268.480469 167.941406
270.332031 206.574219
322.175781 203.878906
333.902344 210.167969
286.996094 214.660156
271.566406 260.480469
320.324219 257.785156
336.988281 271.261719
282.058594 277.550781
0.056520
0.672640
0.628414
0.730967
0.825704
0.767106
0.889997
0.857122
0.871110
0.571457
69 0 0 0
317.945312 164.718750
267.714844 166.984375
268.917969 206.859375
320.652344 203.234375
332.082031 209.578125
285.160156 215.015625
270.722656 259.421875
320.050781 257.609375
335.691406 270.296875
281.550781 274.828125
0.291155
0.683735
0.566354
0.647127
0.787164
0.345528
0.867140
0.783202
0.876511
0.556123
70 0 0 0
317.164062 164.718750
266.863281 166.984375
268.097656 206.859375
318.707031 203.234375
329.816406 211.390625
284.144531 215.015625
269.332031 259.421875
317.472656 257.609375
334.136719 271.203125
279.824219 276.640625
0.087080
0.799427
0.473139
0.738024
0.753063
0.574707
0.881782
0.889696
0.915580
0.374198
71 0 0 0
314.375000 164.742188
265.937500 167.027344
266.562500 208.160156
318.437500 204.503906
329.687500 211.816406
281.562500 216.386719
267.812500 262.089844
316.562500 258.433594
333.437500 271.230469
279.687500 276.714844
0.034041
0.568415
0.371084
0.768476
0.766189
0.263976
0.853513
0.856121
0.896322
0.546050
72 0 0 0
310.875000 163.742188
264.937500 166.027344
266.812500 207.160156
316.812500 205.332031
328.687500 211.730469
274.937500 215.386719
266.812500 262.003906
315.562500 257.433594
332.437500 271.144531
279.312500 275.714844
0.065760
0.538417
0.551762
0.785695
0.752418
0.483258
0.894597
0.834588
0.880438
0.269310
73 0 0 0
310.226562 165.742188
264.863281 168.027344
266.097656 208.246094
316.089844 204.589844
327.199219 212.816406
280.292969 216.472656
265.480469 264.003906
314.238281 259.433594
331.519531 273.144531
278.132812 280.914062
0.039125
0.665555
0.470286
0.803113
0.777140
0.547881
0.858055
0.861684
0.890615
0.043349
74 0 0 0
267.007812 262.347656
328.554688 210.246094
266.398438 206.589844
315.757812 205.675781
327.335938 211.160156
265.789062 208.417969
266.398438 262.347656
313.929688 259.605469
331.601562 274.230469
278.585938 274.230469
0.009900
0.003774
0.411822
0.774403
0.828028
0.344594
0.929474
0.880727
0.927516
0.089774
75 0 0 0
310.875000 166.812500
264.312500 169.156250
264.937500 209.468750
314.312500 207.593750
327.437500 213.218750
279.937500 218.843750
265.562500 264.781250
313.687500 260.093750
331.187500 275.093750
275.875000 284.937500
0.058064
0.288367
0.354470
0.732009
0.801118
0.698762
0.862941
0.873683
0.891813
0.111770
76 0 0 0
310.226562 167.718750
328.433594 212.578125
268.566406 208.046875
314.855469 206.234375
327.816406 212.578125
280.292969 218.015625
264.863281 264.234375
313.621094 259.703125
330.285156 274.203125
262.394531 264.234375
0.014169
0.004818
0.490094
0.703877
0.773274
0.636025
0.762353
0.840541
0.807562
0.080309
77 0 0 0
310.226562 165.765625
264.246094 167.148438
267.949219 207.710938
314.855469 206.789062
327.199219 213.242188
269.800781 216.929688
264.863281 264.867188
313.003906 260.257812
330.902344 274.085938
274.429688 281.921875
0.022796
0.014196
0.800874
0.811200
0.669694
0.505765
0.892684
0.883682
0.901001
0.033994
78 0 0 0
312.695312 168.789062
328.433594 212.949219
264.863281 211.089844
315.472656 207.371094
327.199219 213.878906
280.910156 220.386719
265.480469 265.011719
313.621094 261.292969
331.519531 276.167969
275.355469 276.167969
0.024237
0.004101
0.626401
0.808005
0.750960
0.732907
0.861234
0.870287
0.943292
0.201138
79 0 0 0
313.054688 165.835938
264.011719 168.199219
265.910156 210.738281
315.902344 207.902344
328.558594 215.464844
279.832031 218.300781
265.277344 265.566406
314.003906 260.839844
332.355469 275.964844
276.667969 280.691406
0.096753
0.585876
0.573483
0.793661
0.756219
0.419376
0.929298
0.878564
0.893558
0.123230
80 0 0 0
313.414062 167.253906
264.085938 169.144531
264.726562 210.738281
316.617188 207.902344
329.429688 217.355469
266.648438 211.683594
265.367188 265.566406
315.335938 262.730469
332.632812 276.910156
276.898438 282.582031
0.215529
0.630919
0.298076
0.795594
0.766325
0.287383
0.852273
0.899543
0.850044
0.168640
81 0 0 0
314.937500 169.253906
264.937500 170.199219
269.937500 208.957031
317.437500 207.066406
330.562500 215.574219
282.437500 219.355469
266.187500 265.675781
315.562500 261.894531
333.687500 277.019531
276.187500 277.019531
0.183112
0.616485
0.624107
0.774476
0.679223
0.801040
0.872963
0.823357
0.914840
0.143494
82 0 0 0
314.734375 164.859375
265.085938 168.195312
265.085938 210.132812
318.257812 206.320312
330.429688 214.898438
281.742188 217.757812
268.289062 266.367188
316.335938 260.648438
334.273438 275.898438
277.578125 284.953125
0.060779
0.661084
0.288139
0.779081
0.757373
0.306025
0.930209
0.859346
0.847659
0.327583
83 0 0 0
316.335938 169.285156
265.085938 170.246094
270.210938 210.605469
319.539062 208.683594
330.429688 216.371094
284.304688 219.253906
268.289062 267.300781
318.257812 263.457031
335.554688 277.871094
279.179688 286.519531
0.743771
0.792558
0.688617
0.740334
0.713908
0.745141
0.893011
0.856117
0.900830
0.625525
84 0 0 0
316.855469 171.285156
266.863281 172.246094
273.035156 209.722656
320.558594 209.722656
332.285156 216.449219
284.144531 221.253906
269.949219 268.339844
319.941406 263.535156
337.222656 279.871094
281.058594 285.636719
0.544374
0.607441
0.425549
0.629730
0.746141
0.464241
0.880493
0.773755
0.829840
0.545541
85 0 0 0
317.976562 168.359375
267.367188 171.265625
268.648438 210.984375
321.820312 209.046875
334.632812 214.859375
284.023438 219.703125
270.570312 267.171875
320.539062 263.296875
337.835938 279.765625
279.859375 288.968750
0.663363
0.785607
0.758008
0.770351
0.826205
0.540391
0.911711
0.860117
0.859505
0.273564
86 0 0 0
318.976562 166.394531
267.726562 168.347656
269.648438 210.339844
322.820312 207.410156
335.632812 214.246094
285.023438 218.152344
270.929688 266.003906
321.539062 261.121094
338.195312 277.722656
281.820312 281.628906
0.597223
0.754076
0.723417
0.773899
0.795383
0.553529
0.865899
0.873609
0.875724
0.747316
87 0 0 0
320.046875 168.414062
267.546875 170.382812
268.859375 210.742188
323.328125 208.773438
335.796875 215.664062
285.921875 219.601562
272.140625 266.851562
322.015625 262.914062
339.078125 279.648438
282.640625 281.617188
0.715332
0.749161
0.580866
0.720547
0.736829
0.566383
0.879826
0.809308
0.859480
0.851005
88 0 0 0
321.332031 169.394531
268.808594 170.371094
270.753906 211.386719
323.925781 208.457031
337.542969 216.269531
286.964844 221.152344
272.699219 267.050781
322.628906 264.121094
339.488281 279.746094
283.074219 280.722656
0.339033
0.763290
0.558711
0.753407
0.669147
0.543119
0.851768
0.903378
0.850171
0.860780
89 0 0 0
321.472656 168.324219
269.816406 170.246094
273.214844 210.605469
324.191406 208.683594
337.105469 217.332031
288.167969 219.253906
273.894531 266.339844
323.511719 263.457031
341.183594 279.792969
283.410156 286.519531
0.177770
0.714154
0.643415
0.795685
0.771266
0.556823
0.930305
0.838537
0.892533
0.459165
90 0 0 0
324.429688 167.882812
270.972656 170.285156
275.621094 210.644531
325.425781 207.761719
338.042969 217.371094
286.910156 220.253906
274.292969 267.339844
324.097656 263.496094
342.027344 279.832031
284.585938 288.960938
0.090039
0.666973
0.539891
0.850055
0.727610
0.581694
0.827230
0.886319
0.883850
0.467243
91 0 0 0
323.511719 166.359375
272.535156 167.328125
273.214844 209.953125
326.230469 207.046875
337.785156 216.734375
287.488281 218.671875
273.894531 267.109375
324.871094 263.234375
342.542969 278.734375
284.429688 286.968750
0.282115
0.428781
0.599357
0.769288
0.744467
0.632017
0.797572
0.826785
0.886241
0.486073
92 0 0 0
325.429688 166.882812
272.636719 169.285156
273.964844 209.644531
328.417969 207.722656
341.035156 216.371094
290.566406 219.253906
275.957031 265.378906
326.425781 262.496094
344.355469 279.792969
285.585938 287.960938
0.042937
0.597653
0.519885
0.739955
0.741985
0.606776
0.878493
0.892709
0.895496
0.461159
93 0 0 0
326.718750 167.835938
273.234375 170.199219
273.890625 209.902344
328.359375 207.066406
340.828125 216.519531
289.640625 219.355469
277.171875 266.621094
327.046875 263.785156
344.765625 279.855469
286.031250 286.945312
0.021214
0.556265
0.723084
0.762607
0.745459
0.673283
0.849208
0.810186
0.881263
0.294169
94 0 0 0
327.429688 167.929688
273.972656 170.371094
279.949219 211.386719
329.089844 208.457031
342.371094 217.246094
291.902344 221.152344
277.292969 268.027344
328.425781 264.121094
345.691406 281.699219
287.917969 287.558594
0.112719
0.734358
0.521397
0.755902
0.732019
0.639584
0.844941
0.862677
0.914263
0.580722
95 0 0 0
328.710938 170.953125
276.511719 172.429688
279.105469 211.804688
330.980469 207.867188
343.300781 216.726562
297.910156 220.664062
278.457031 267.914062
329.683594 263.976562
347.839844 281.695312
290.128906 284.648438
0.012709
0.058681
0.683885
0.854693
0.775002
0.291207
0.924344
0.910874
0.942491
0.882490
96 0 0 0
329.718750 167.953125
276.234375 170.414062
281.484375 209.789062
331.359375 207.820312
345.140625 211.757812
290.671875 219.632812
280.171875 265.898438
330.703125 262.945312
348.421875 279.679688
291.328125 282.632812
0.033098
0.376290
0.434550
0.781414
0.833631
0.374019
0.893535
0.853803
0.936190
0.877240
97 0 0 0
330.492188 169.976562
277.136719 172.457031
283.933594 213.136719
332.191406 211.152344
345.785156 217.105469
300.925781 224.050781
281.214844 268.699219
330.832031 264.730469
349.863281 283.582031
292.089844 287.550781
0.047410
0.497536
0.759660
0.821611
0.803476
0.459586
0.916577
0.840009
0.914288
0.725190
98 0 0 0
329.453125 170.000000
278.054688 172.500000
285.445312 212.500000
332.476562 211.500000
345.914062 217.500000
294.851562 224.500000
282.085938 270.500000
331.804688 265.500000
349.945312 283.500000
292.164062 287.500000
0.046051
0.517769
0.785512
0.789091
0.820713
0.416151
0.844525
0.849015
0.904291
0.807278
99 0 0 0
330.406250 168.000000
278.234375 170.500000
278.234375 213.500000
333.359375 209.500000
346.484375 217.500000
296.609375 222.500000
280.859375 270.500000
332.046875 266.500000
349.765625 283.500000
292.343750 294.000000
0.070840
0.803874
0.603945
0.831009
0.800280
0.777347
0.858511
0.882391
0.910532
0.073634
100 0 0 0
329.093750 166.046875
278.234375 170.617188
278.234375 212.257812
334.015625 210.226562
346.484375 216.320312
294.640625 222.414062
281.515625 271.164062
332.046875 266.085938
349.765625 282.335938
292.343750 294.015625
0.129919
0.773860
0.545607
0.750318
0.809739
0.540725
0.862444
0.900466
0.866465
0.078848
101 0 0 0
329.117188 168.570312
278.054688 170.601562
284.101562 212.242188
333.820312 210.210938
345.914062 219.351562
288.804688 223.414062
282.085938 270.132812
331.804688 267.085938
350.617188 285.367188
290.484375 295.015625
0.097673
0.523892
0.132346
0.727923
0.697593
0.178292
0.823872
0.643748
0.851851
0.177164
102 0 0 0
332.140625 168.023438
277.382812 170.542969
277.382812 213.878906
333.148438 209.847656
347.257812 216.902344
294.179688 221.941406
282.085938 269.308594
333.148438 266.285156
350.617188 284.425781
290.484375 295.007812
0.151262
0.758367
0.539781
0.784512
0.788803
0.723314
0.829113
0.892705
0.910636
0.357948
103 0 0 0
333.140625 170.023438
278.382812 172.542969
287.117188 211.847656
333.476562 211.847656
346.914062 217.894531
303.242188 224.949219
282.414062 272.316406
332.804688 266.269531
351.617188 285.417969
291.820312 294.488281
0.028313
0.305823
0.200379
0.633082
0.856171
0.521949
0.819806
0.886396
0.866719
0.295778
104 0 0 0
329.773438 168.093750
278.457031 171.703125
278.457031 216.046875
334.191406 212.953125
347.785156 220.171875
292.730469 225.328125
281.855469 272.765625
332.832031 267.609375
351.183594 286.171875
291.710938 298.031250
0.114252
0.646592
0.329091
0.747194
0.761669
0.249851
0.832982
0.856670
0.920951
0.113061
105 0 0 0
333.140625 168.093750
278.382812 170.671875
279.726562 215.015625
334.148438 211.921875
347.585938 217.078125
295.179688 224.296875
281.070312 272.765625
333.476562 267.609375
351.617188 287.203125
292.492188 290.296875
0.134188
0.738901
0.447261
0.774127
0.779185
0.618407
0.900375
0.857629
0.952143
0.836380
106 0 0 0
331.796875 168.070312
278.382812 170.628906
278.382812 213.613281
334.148438 210.542969
347.585938 218.730469
291.820312 224.871094
281.070312 272.972656
332.804688 266.832031
351.617188 286.277344
291.484375 297.023438
0.063310
0.713846
0.717991
0.787353
0.763323
0.388440
0.877972
0.864333
0.910270
0.093052
107 0 0 0
330.773438 167.164062
279.308594 171.910156
280.636719 214.097656
335.089844 211.988281
347.042969 221.480469
290.597656 224.644531
281.300781 274.214844
333.761719 269.996094
351.027344 287.925781
292.589844 291.089844
0.089920
0.714210
0.673161
0.782138
0.793858
0.375476
0.938986
0.776733
0.875782
0.892354
108 0 0 0
332.101562 170.070312
279.308594 172.628906
279.308594 215.613281
334.425781 212.542969
348.371094 221.753906
300.558594 226.871094
281.300781 274.972656
334.425781 270.878906
352.355469 288.277344
292.257812 299.023438
0.035629
0.711282
0.629039
0.792360
0.761770
0.441213
0.904762
0.887888
0.930551
0.063422
109 0 0 0
333.851562 169.140625
278.457031 171.757812
278.457031 215.726562
334.871094 212.585938
347.785156 222.007812
294.089844 227.242188
281.855469 276.445312
334.191406 271.210938
352.542969 290.054688
292.050781 293.195312
0.096993
0.774585
0.635890
0.765218
0.791516
0.514894
0.876067
0.920943
0.901898
0.845728
110 0 0 0
334.851562 170.093750
279.457031 172.671875
280.136719 217.015625
335.871094 212.890625
349.464844 223.203125
293.050781 227.328125
282.175781 275.796875
335.191406 271.671875
352.863281 290.234375
292.710938 300.031250
0.046588
0.713343
0.610194
0.830659
0.767420
0.584716
0.921623
0.911895
0.928953
0.109249
111 0 0 0
333.101562 172.117188
280.308594 175.753906
282.300781 219.394531
336.753906 216.277344
349.371094 223.550781
294.917969 230.824219
282.964844 278.621094
334.761719 274.464844
353.355469 291.089844
294.917969 292.128906
0.128129
0.752510
0.251555
0.729797
0.835554
0.163935
0.854717
0.895784
0.867290
0.059220
112 0 0 0
332.769531 170.746094
280.308594 173.910156
282.300781 217.152344
336.753906 215.042969
349.371094 221.371094
292.925781 227.699219
282.300781 277.269531
335.425781 273.050781
353.355469 290.980469
293.257812 302.054688
0.253320
0.701337
0.389792
0.739417
0.857307
0.231681
0.898725
0.915437
0.867306
0.032660
113 0 0 0
332.839844 168.816406
279.300781 172.027344
279.996094 216.980469
337.011719 213.769531
349.527344 223.402344
284.167969 219.121094
282.082031 275.847656
335.621094 271.566406
353.699219 290.832031
292.164062 302.070312
0.343524
0.733337
0.382764
0.783900
0.774882
0.179448
0.891908
0.842536
0.848890
0.105343
114 0 0 0
333.390625 170.746094
280.234375 173.910156
281.546875 217.152344
336.671875 215.042969
349.796875 221.371094
283.515625 220.316406
282.203125 278.324219
335.359375 271.996094
354.390625 290.980469
293.031250 302.054688
0.320832
0.775582
0.416189
0.705258
0.817843
0.302215
0.883980
0.891412
0.872481
0.017984
115 0 0 0
332.769531 170.781250
280.308594 173.968750
280.308594 218.593750
336.753906 215.406250
349.371094 221.781250
288.941406 228.156250
281.636719 278.093750
334.761719 273.843750
353.355469 291.906250
290.601562 303.062500
0.316894
0.751300
0.430101
0.747247
0.800421
0.288457
0.855961
0.876537
0.911151
0.071234
116 0 0 0
332.796875 170.187500
279.382812 172.843750
279.382812 218.531250
335.148438 215.343750
349.257812 223.843750
297.523438 228.093750
281.398438 278.031250
335.148438 273.781250
353.289062 292.906250
292.484375 304.062500
0.164728
0.676013
0.618448
0.780643
0.700572
0.710317
0.966482
0.854029
0.935799
0.073239
117 0 0 0
329.414062 170.187500
278.777344 173.906250
281.496094 219.593750
335.191406 216.406250
348.105469 223.843750
295.769531 230.218750
280.816406 280.156250
334.511719 273.781250
352.863281 292.906250
289.992188 304.062500
0.132641
0.716068
0.658610
0.771066
0.788202
0.381462
0.896943
0.824362
0.945046
0.029756
118 0 0 0
331.812500 171.164062
278.531250 174.855469
279.906250 220.207031
335.593750 217.042969
348.656250 225.480469
290.218750 229.699219
279.906250 281.378906
333.531250 276.105469
352.781250 294.035156
277.156250 280.324219
0.125120
0.620527
0.507149
0.780239
0.751444
0.247559
0.854449
0.835701
0.907510
0.064781
119 0 0 0
330.144531 172.781250
276.605469 175.968750
276.605469 222.718750
335.011719 218.468750
347.527344 226.968750
291.207031 234.406250
278.691406 282.218750
333.621094 276.906250
351.699219 296.031250
290.164062 305.062500
0.194384
0.820224
0.813399
0.795713
0.812774
0.043281
0.902083
0.894053
0.865177
0.052134
120 0 0 0
332.695312 180.117188
274.753906 181.675781
277.597656 222.199219
335.183594 218.042969
347.269531 229.472656
280.441406 230.511719
278.308594 283.503906
333.050781 278.308594
351.535156 299.089844
289.683594 302.207031
0.015687
0.007862
0.499438
0.810983
0.805020
0.393783
0.892487
0.920701
0.947981
0.869520
121 0 0 0
328.789062 171.886719
274.445312 176.230469
274.445312 221.839844
334.664062 219.667969
348.617188 227.269531
277.382812 224.011719
278.117188 282.652344
332.460938 278.308594
351.554688 296.769531
285.828125 307.085938
0.345761
0.766026
0.489227
0.796547
0.773148
0.316652
0.917749
0.827736
0.854360
0.181791
122 0 0 0
331.425781 172.015625
275.019531 175.296875
274.277344 223.421875
334.394531 219.046875
348.496094 228.890625
289.863281 233.265625
277.246094 283.578125
332.167969 279.203125
352.207031 297.796875
286.523438 307.093750
0.654061
0.775715
0.532472
0.817572
0.788338
0.288569
0.877828
0.783744
0.941400
0.180433
123 0 0 0
330.210938 181.093750
273.902344 183.671875
274.628906 222.859375
334.933594 219.765625
347.285156 230.078125
279.714844 231.109375
277.535156 284.734375
332.753906 278.546875
351.644531 299.171875
286.617188 311.031250
0.007265
0.006182
0.808715
0.837406
0.797344
0.292985
0.925665
0.847757
0.908217
0.108295
124 0 0 0
330.664062 182.093750
272.902344 183.640625
275.082031 223.859375
334.660156 220.765625
346.285156 231.078125
277.988281 233.140625
277.261719 286.765625
333.933594 282.640625
352.097656 301.203125
285.617188 312.031250
0.005946
0.004206
0.699077
0.830890
0.854018
0.520665
0.841928
0.761562
0.920236
0.109930
125 0 0 0
330.539062 181.140625
274.132812 181.140625
275.988281 224.585938
333.878906 222.492188
348.722656 232.960938
276.730469 228.773438
275.988281 287.398438
333.136719 284.257812
350.949219 303.101562
286.007812 313.046875
0.019118
0.025082
0.626109
0.808333
0.738686
0.405862
0.848109
0.894504
0.878776
0.370751
126 0 0 0
331.250000 180.164062
271.625000 181.746094
273.875000 223.933594
333.125000 220.769531
346.625000 231.316406
276.125000 229.207031
275.375000 285.105469
331.625000 280.886719
351.125000 300.925781
284.750000 313.054688
0.015967
0.008385
0.699710
0.842684
0.807369
0.440602
0.833556
0.896622
0.915815
0.301088
127 0 0 0
330.750000 181.117188
328.875000 277.230469
274.875000 223.199219
333.375000 220.082031
346.875000 228.394531
274.125000 227.355469
275.625000 285.542969
331.875000 280.347656
351.375000 300.089844
273.375000 285.542969
0.007531
0.008565
0.614891
0.843253
0.763730
0.678370
0.736356
0.867109
0.896579
0.337066
128 0 0 0
329.960938 180.164062
272.367188 180.164062
275.019531 223.933594
332.613281 220.769531
346.253906 230.261719
274.261719 226.042969
275.019531 286.160156
331.097656 281.941406
350.042969 301.980469
284.871094 309.363281
0.013160
0.008432
0.519369
0.765196
0.734102
0.385592
0.851451
0.903835
0.859370
0.542436
129 0 0 0
329.960938 180.164062
273.503906 286.160156
272.746094 222.878906
331.855469 219.714844
344.738281 231.316406
271.230469 229.207031
273.503906 286.160156
330.339844 279.832031
350.042969 300.925781
281.460938 313.054688
0.011370
0.007270
0.664324
0.832985
0.833118
0.433438
0.802333
0.854316
0.915053
0.257950
130 0 0 0
327.824219 170.414062
269.472656 172.695312
269.472656 221.742188
330.855469 219.460938
345.253906 227.445312
271.746094 222.882812
272.503906 284.476562
330.097656 278.773438
348.285156 299.304688
280.460938 310.140625
0.683889
0.799279
0.566612
0.801995
0.755553
0.249169
0.866700
0.811761
0.892687
0.140175
131 0 0 0
327.875000 168.097656
269.375000 172.628906
267.875000 222.472656
330.875000 216.808594
345.125000 227.003906
279.875000 229.269531
271.625000 283.644531
328.625000 279.113281
347.375000 298.371094
280.250000 309.132812
0.472277
0.771825
0.700181
0.771392
0.789791
0.279008
0.841647
0.827540
0.940505
0.065072
132 0 0 0
326.445312 180.164062
269.988281 286.160156
269.988281 222.878906
329.855469 219.714844
343.496094 230.261719
269.230469 228.152344
269.988281 285.105469
327.582031 279.832031
347.285156 300.925781
267.714844 286.160156
0.006525
0.007528
0.673264
0.822846
0.820572
0.507923
0.830926
0.878014
0.921476
0.349561
133 0 0 0
327.960938 181.164062
326.824219 279.777344
269.230469 224.933594
329.097656 221.769531
344.253906 231.261719
269.230469 228.097656
270.746094 288.214844
327.582031 283.996094
347.285156 302.980469
279.460938 314.054688
0.022150
0.005623
0.654790
0.808024
0.742440
0.550017
0.791253
0.824764
0.909437
0.177534
134 0 0 0
326.671875 181.140625
330.882812 277.976562
268.867188 223.539062
330.117188 220.398438
342.367188 231.914062
268.101562 227.726562
271.929688 271.695312
327.054688 282.164062
346.960938 303.101562
268.867188 288.445312
0.010905
0.005029
0.651618
0.814312
0.783707
0.506208
0.555255
0.872942
0.929883
0.452266
135 0 0 0
327.671875 181.234375
335.710938 186.085938
268.335938 227.054688
328.820312 223.820312
343.367188 235.679688
269.101562 229.210938
270.632812 290.664062
327.289062 287.429688
347.195312 307.914062
278.671875 317.078125
0.031132
0.005426
0.467296
0.756129
0.752363
0.324511
0.881968
0.836362
0.863466
0.061737
136 0 0 0
327.960938 181.257812
334.402344 183.972656
266.957031 227.410156
328.339844 224.152344
343.496094 235.011719
269.230469 229.582031
270.746094 292.566406
327.582031 287.136719
347.285156 307.769531
269.230469 290.394531
0.020517
0.005354
0.516661
0.707416
0.720369
0.422845
0.721188
0.797874
0.898806
0.147919
137 0 0 0
327.382812 180.187500
270.535156 288.031250
267.441406 223.218750
328.542969 220.031250
343.238281 230.656250
267.441406 227.468750
270.535156 286.968750
326.996094 283.781250
346.332031 303.968750
266.667969 286.968750
0.011674
0.005249
0.609706
0.821650
0.745933
0.503507
0.841164
0.833471
0.885602
0.199805
138 0 0 0
327.382812 180.187500
269.761719 288.031250
268.214844 224.281250
329.316406 221.093750
343.238281 231.718750
267.441406 227.468750
270.535156 288.031250
327.769531 282.718750
347.105469 305.031250
269.761719 289.093750
0.011102
0.010925
0.509749
0.828424
0.728952
0.558722
0.810192
0.908958
0.919096
0.204135
139 0 0 0
325.960938 180.257812
264.957031 181.886719
267.230469 227.496094
327.855469 223.152344
343.769531 232.925781
291.480469 240.527344
269.503906 291.566406
327.855469 287.222656
346.800781 307.855469
278.976562 317.085938
0.017899
0.010269
0.628205
0.799997
0.813472
0.286128
0.889125
0.903075
0.894919
0.046540
140 0 0 0
325.960938 181.328125
264.957031 184.101562
267.988281 229.585938
328.613281 226.257812
343.769531 237.351562
291.480469 242.898438
269.503906 295.039062
327.855469 290.601562
347.558594 311.679688
278.976562 321.109375
0.090183
0.198693
0.603574
0.758926
0.756761
0.636811
0.847499
0.840741
0.874341
0.053829
141 0 0 0
325.445312 180.328125
265.199219 183.101562
268.230469 230.804688
328.855469 226.367188
344.011719 238.570312
290.964844 244.117188
270.503906 295.148438
328.855469 289.601562
348.558594 310.679688
278.460938 320.109375
0.028223
0.454530
0.174384
0.656683
0.766410
0.133709
0.867946
0.870337
0.877506
0.064413
142 0 0 0
327.671875 180.257812
333.414062 281.792969
266.039062 226.410156
329.585938 222.066406
344.132812 231.839844
266.804688 229.667969
270.632812 291.566406
329.585938 286.136719
348.726562 307.855469
280.203125 317.085938
0.012660
0.005990
0.767353
0.773467
0.729799
0.281347
0.859708
0.861602
0.885898
0.036119
143 0 0 0
327.671875 179.281250
265.273438 182.015625
265.273438 225.765625
329.585938 221.390625
344.898438 232.328125
290.539062 238.890625
269.101562 291.390625
328.054688 284.828125
347.960938 307.796875
278.671875 317.093750
0.011316
0.008739
0.828965
0.794121
0.787922
0.360999
0.904029
0.826717
0.865982
0.072883
144 0 0 0
327.671875 179.328125
265.273438 180.992188
265.273438 229.804688
328.820312 224.257812
343.367188 234.242188
292.070312 239.789062
269.101562 294.148438
328.054688 288.601562
347.960938 309.679688
278.671875 319.109375
0.041126
0.059086
0.752487
0.791895
0.788444
0.519803
0.901551
0.862004
0.904660
0.061461
145 0 0 0
327.671875 179.328125
265.273438 180.992188
265.273438 227.585938
328.820312 224.257812
343.367188 234.242188
274.460938 239.789062
269.101562 294.148438
328.054688 287.492188
348.726562 310.789062
277.140625 319.109375
0.035026
0.040802
0.879584
0.831577
0.820204
0.242449
0.910499
0.891266
0.897284
0.058184
146 0 0 0
325.671875 179.328125
263.273438 182.101562
266.335938 226.476562
329.882812 223.148438
345.195312 230.914062
264.804688 230.914062
268.632812 291.929688
329.882812 288.601562
347.492188 309.679688
276.671875 319.109375
0.014119
0.010369
0.752951
0.773736
0.752869
0.336448
0.888745
0.884523
0.863229
0.062141
147 0 0 0
326.066406 176.726562
265.441406 178.023438
265.441406 231.195312
329.097656 227.304688
343.496094 237.679688
284.386719 244.164062
266.957031 297.335938
327.582031 292.148438
347.285156 316.789062
278.324219 323.273438
0.687322
0.935451
0.520867
0.733154
0.771564
0.764178
0.904029
0.887587
0.922161
0.882811
148 0 0 0
326.359375 180.226562
264.640625 181.492188
265.421875 233.382812
328.703125 229.585938
342.765625 238.445312
282.609375 246.039062
266.984375 299.195312
327.921875 291.601562
347.453125 318.179688
277.140625 324.507812
0.734425
0.818350
0.657636
0.798176
0.623879
0.436713
0.864431
0.858490
0.894659
0.885563
149 0 0 0
325.960938 179.398438
264.199219 181.097656
264.957031 230.941406
329.371094 226.410156
342.253906 238.871094
267.230469 235.472656
268.746094 296.644531
328.613281 289.847656
347.558594 313.636719
275.945312 322.132812
0.048001
0.095374
0.605995
0.812179
0.760189
0.247036
0.900194
0.858298
0.889333
0.086387
150 0 0 0
327.250000 180.445312
265.375000 182.167969
267.625000 233.847656
329.875000 228.105469
343.375000 239.589844
284.875000 245.332031
269.875000 298.160156
329.875000 293.566406
348.625000 315.386719
268.375000 300.457031
0.040230
0.153754
0.180530
0.747983
0.752534
0.153128
0.799191
0.913163
0.890719
0.178467
151 0 0 0
325.902344 180.328125
265.574219 180.328125
266.347656 232.859375
328.996094 230.296875
345.238281 234.140625
281.816406 246.953125
268.667969 299.484375
328.996094 294.359375
349.105469 318.703125
277.949219 327.671875
0.750887
0.654614
0.090934
0.715636
0.774912
0.203076
0.871839
0.888353
0.913947
0.878398
152 0 0 0
326.675781 177.046875
265.574219 179.609375
267.894531 232.140625
330.542969 228.296875
345.238281 237.265625
284.136719 244.953125
268.667969 298.765625
330.542969 293.640625
349.878906 317.984375
277.949219 324.390625
0.714034
0.785250
0.357474
0.773149
0.763301
0.727497
0.860218
0.867131
0.928516
0.894614
153 0 0 0
326.902344 178.277344
266.574219 178.277344
268.121094 234.308594
330.769531 227.941406
346.238281 235.582031
283.589844 245.769531
268.121094 297.980469
330.769531 292.886719
350.105469 317.082031
278.949219 323.449219
0.743956
0.596452
0.075963
0.727941
0.776078
0.574298
0.857328
0.917484
0.903230
0.877079
154 0 0 0
327.675781 178.003906
266.574219 179.277344
267.347656 231.488281
329.996094 228.941406
346.238281 234.035156
283.589844 246.769531
268.121094 298.980469
330.769531 293.886719
350.105469 318.082031
278.175781 325.722656
0.314818
0.242878
0.030814
0.602173
0.717465
0.159957
0.824325
0.863071
0.924609
0.860977
155 0 0 0
329.289062 179.226562
266.507812 177.960938
267.273438 234.914062
331.585938 228.585938
345.367188 236.179688
284.117188 246.304688
267.273438 299.460938
330.820312 294.398438
349.960938 318.445312
277.992188 323.507812
0.649561
0.326691
0.080839
0.677361
0.793356
0.482164
0.899403
0.914688
0.905042
0.893476
156 0 0 0
332.316406 177.730469
266.574219 179.003906
267.347656 233.761719
330.769531 229.941406
346.238281 237.582031
278.175781 246.496094
268.121094 298.707031
330.769531 293.613281
350.105469 319.082031
278.175781 325.449219
0.104519
0.106525
0.125772
0.441236
0.643145
0.296522
0.834805
0.876003
0.927548
0.902362
157 0 0 0
330.054688 178.835938
266.507812 180.132812
267.273438 233.304688
330.820312 229.414062
346.132812 237.195312
280.289062 247.570312
268.039062 300.742188
331.585938 295.554688
350.726562 321.492188
277.992188 329.273438
0.306970
0.172085
0.390178
0.785586
0.810258
0.376593
0.845909
0.885297
0.925758
0.838972
158 0 0 0
329.582031 180.480469
267.441406 179.175781
268.199219 232.667969
331.097656 228.753906
347.011719 239.191406
284.871094 250.933594
268.199219 300.511719
331.855469 296.597656
350.800781 321.386719
278.050781 329.214844
0.591807
0.037776
0.458977
0.762401
0.734199
0.069104
0.936831
0.951820
0.934469
0.903632
159 0 0 0
330.054688 179.582031
266.507812 178.261719
267.273438 232.394531
330.820312 228.433594
347.664062 236.355469
286.414062 248.238281
268.039062 299.730469
332.351562 294.449219
351.492188 320.855469
277.226562 330.097656
0.541115
0.066512
0.191902
0.734300
0.786711
0.320470
0.880816
0.873192
0.920946
0.870322
160 0 0 0
328.875000 179.218750
336.375000 288.156250
268.875000 231.718750
331.125000 229.093750
348.375000 234.343750
283.125000 250.093750
268.125000 299.968750
331.875000 294.718750
350.625000 322.281250
277.125000 328.843750
0.250692
0.009528
0.529643
0.678399
0.850964
0.212906
0.886608
0.908371
0.871546
0.881919
161 0 0 0
329.289062 179.261719
346.898438 242.636719
268.039062 232.074219
330.054688 229.433594
346.132812 239.996094
268.039062 238.675781
267.273438 300.730469
330.054688 296.769531
349.960938 323.175781
276.460938 329.777344
0.216552
0.003570
0.273473
0.728384
0.698610
0.331542
0.884662
0.876576
0.905162
0.893148
162 0 0 0
329.289062 178.261719
333.882812 291.808594
265.742188 232.394531
330.820312 229.753906
346.132812 238.996094
281.054688 249.558594
267.273438 301.050781
330.820312 297.089844
350.726562 323.496094
275.695312 330.097656
0.158008
0.006068
0.024751
0.515328
0.717300
0.321685
0.905908
0.877857
0.912119
0.912606
163 0 0 0
329.703125 177.941406
334.390625 292.808594
267.203125 230.753906
329.703125 229.433594
346.109375 236.035156
266.421875 238.675781
267.203125 302.050781
331.265625 298.089844
350.796875 324.496094
275.015625 331.097656
0.041227
0.005225
0.021687
0.779211
0.831956
0.595836
0.858448
0.847477
0.960401
0.900567
164 0 0 0
332.863281 180.261719
328.996094 295.128906
283.363281 223.832031
329.769531 231.753906
346.011719 238.355469
280.269531 252.878906
266.347656 303.050781
330.542969 299.089844
349.878906 325.496094
274.855469 332.097656
0.031687
0.006530
0.018738
0.591070
0.674447
0.050940
0.942611
0.858274
0.951758
0.907162
165 0 0 0
326.125000 179.304688
334.375000 292.195312
283.375000 224.460938
329.875000 233.757812
344.875000 237.742188
269.125000 252.351562
265.375000 304.148438
330.625000 297.507812
350.125000 326.726562
274.375000 332.039062
0.557050
0.007400
0.020086
0.378550
0.662260
0.182830
0.925863
0.896057
0.874330
0.906464
166 0 0 0
325.824219 180.304688
334.160156 291.867188
268.988281 230.773438
328.855469 230.773438
345.527344 238.742188
266.714844 250.695312
264.441406 305.148438
329.613281 298.507812
349.316406 325.070312
273.535156 333.039062
0.080683
0.009214
0.007844
0.552188
0.413943
0.386858
0.904353
0.901936
0.876604
0.880757
167 0 0 0
326.410156 180.261719
333.511719 295.128906
262.496094 240.996094
327.988281 233.074219
343.769531 239.675781
282.222656 250.238281
262.496094 305.691406
329.566406 301.730469
348.503906 328.136719
271.964844 341.339844
0.290714
0.012829
0.378875
0.759996
0.774467
0.625021
0.907651
0.952955
0.871911
0.205825
168 0 0 0
323.214844 181.347656
258.839844 181.347656
259.644531 245.472656
328.042969 234.785156
342.527344 242.800781
280.566406 253.488281
262.058594 308.261719
328.847656 304.253906
347.355469 330.972656
270.910156 341.660156
0.362564
0.050331
0.625725
0.659737
0.774644
0.072776
0.843888
0.934345
0.910375
0.563829
169 0 0 0
322.937500 177.960938
255.906250 181.261719
257.531250 240.675781
325.781250 232.753906
340.406250 240.675781
278.656250 252.558594
259.968750 306.691406
326.593750 301.410156
345.281250 330.457031
268.906250 339.699219
0.187741
0.365313
0.100786
0.647487
0.770881
0.245931
0.798354
0.924789
0.869476
0.576731
170 0 0 0
320.597656 179.835938
254.972656 181.195312
255.792969 245.085938
325.519531 234.210938
339.464844 243.726562
277.941406 253.242188
258.253906 307.617188
325.519531 303.539062
344.386719 332.085938
267.277344 341.601562
0.666971
0.638154
0.702226
0.736992
0.687190
0.035104
0.861981
0.919552
0.883828
0.705168
171 0 0 0
320.417969 180.046875
253.972656 181.390625
254.792969 245.890625
324.519531 235.140625
339.285156 245.890625
277.761719 253.953125
258.074219 309.046875
325.339844 305.015625
344.207031 333.234375
266.277344 342.640625
0.275466
0.475365
0.796629
0.751485
0.739037
0.077025
0.834480
0.937921
0.910726
0.398320
172 0 0 0
320.773438 182.734375
251.164062 182.734375
254.601562 245.890625
322.492188 236.484375
338.820312 247.234375
252.023438 244.546875
254.601562 311.734375
320.773438 305.015625
342.257812 333.234375
261.046875 347.343750
0.282024
0.663345
0.515441
0.779897
0.607509
0.032104
0.662349
0.927141
0.911165
0.291837
173 0 0 0
318.082031 178.546875
246.972656 179.953125
246.972656 239.015625
320.683594 236.203125
335.425781 248.859375
274.722656 255.890625
251.308594 309.328125
320.683594 303.703125
338.894531 333.234375
260.414062 349.406250
0.796663
0.865178
0.389335
0.728673
0.743315
0.423319
0.795517
0.897787
0.884317
0.364777
174 0 0 0
314.632812 179.140625
245.882812 181.953125
245.882812 239.609375
319.789062 236.796875
335.257812 243.828125
272.523438 256.484375
250.179688 311.328125
318.929688 304.296875
338.695312 335.234375
259.203125 351.406250
0.750887
0.879775
0.455347
0.718137
0.844845
0.622060
0.696818
0.855496
0.878527
0.357402
175 0 0 0
314.777344 182.089844
243.269531 184.886719
245.035156 243.621094
318.308594 240.824219
332.433594 252.011719
272.402344 260.402344
249.449219 314.941406
318.308594 309.347656
337.730469 338.714844
257.835938 353.398438
0.723629
0.895001
0.380193
0.743825
0.765570
0.557920
0.877796
0.941938
0.896196
0.289601
176 0 0 0
313.214844 182.039062
241.238281 184.820312
243.839844 243.226562
317.550781 239.054688
332.292969 247.398438
270.722656 258.523438
248.175781 315.539062
317.550781 308.585938
337.496094 339.179688
256.414062 352.390625
0.765772
0.830679
0.529284
0.753318
0.768153
0.585742
0.830277
0.895692
0.834866
0.208126
177 0 0 0
311.347656 181.039062
240.238281 183.820312
241.972656 242.226562
316.550781 238.054688
331.292969 247.789062
269.722656 258.914062
248.042969 314.539062
316.550781 307.585938
338.230469 338.179688
253.679688 351.390625
0.758617
0.836836
0.707496
0.789759
0.823794
0.353349
0.878194
0.881678
0.877563
0.149542
178 0 0 0
312.062500 181.140625
240.312500 183.953125
242.937500 243.015625
317.312500 238.796875
332.187500 245.828125
270.937500 259.890625
248.187500 316.140625
317.312500 309.109375
338.312500 338.640625
255.625000 353.406250
0.804505
0.858995
0.676377
0.794046
0.826492
0.277394
0.832517
0.917794
0.892608
0.081502
179 0 0 0
310.937500 184.664062
240.062500 186.085938
240.937500 245.804688
317.937500 241.539062
330.187500 252.914062
268.937500 262.867188
246.187500 318.320312
316.187500 312.632812
337.187500 342.492188
251.875000 357.421875
0.778928
0.877260
0.273239
0.738634
0.834564
0.076830
0.856563
0.908886
0.852132
0.168914
180 0 0 0
309.492188 184.781250
238.164062 186.218750
240.742188 250.906250
316.367188 242.281250
329.257812 252.343750
266.523438 263.843750
244.179688 318.468750
315.507812 312.718750
335.273438 342.906250
249.765625 359.437500
0.843369
0.889139
0.526788
0.699367
0.734288
0.299439
0.863931
0.911663
0.883847
0.245707
181 0 0 0
307.894531 180.820312
236.386719 183.664062
239.035156 246.226562
314.957031 239.117188
328.199219 250.492188
264.636719 259.023438
243.449219 315.898438
314.074219 311.632812
334.378906 341.492188
248.304688 356.421875
0.683871
0.770530
0.763137
0.732568
0.798090
0.790136
0.890703
0.930535
0.887853
0.125437
182 0 0 0
307.777344 181.292969
234.503906 182.722656
238.035156 247.058594
313.074219 238.480469
327.199219 248.488281
263.636719 258.496094
242.449219 315.683594
313.074219 311.394531
335.144531 342.847656
247.304688 356.429688
0.809087
0.832556
0.732613
0.754365
0.824123
0.721794
0.907058
0.936544
0.890362
0.215839
183 0 0 0
305.187500 180.445312
234.312500 183.351562
238.687500 251.648438
310.437500 241.476562
325.312500 250.195312
264.062500 261.820312
235.187500 321.398438
311.312500 311.226562
331.437500 344.648438
246.562500 353.367188
0.801504
0.909607
0.187112
0.742069
0.781169
0.614530
0.034909
0.917104
0.905250
0.339129
184 0 0 0
304.937500 181.546875
232.312500 184.484375
236.687500 254.984375
311.062500 243.234375
325.062500 257.921875
262.937500 263.796875
237.562500 325.484375
310.187500 313.734375
331.187500 346.046875
245.437500 354.859375
0.799841
0.901307
0.245256
0.752895
0.776642
0.225902
0.018562
0.891019
0.897452
0.434769
185 0 0 0
305.105469 182.816406
230.535156 184.324219
234.128906 253.683594
309.597656 244.636719
324.871094 256.699219
261.082031 264.238281
235.925781 326.058594
309.597656 315.503906
331.160156 348.675781
244.011719 357.722656
0.827769
0.692276
0.773372
0.783322
0.780190
0.093354
0.197142
0.921204
0.907292
0.446925
186 0 0 0
303.828125 182.015625
228.609375 183.546875
232.234375 253.984375
309.265625 244.796875
323.765625 255.515625
260.328125 266.234375
328.296875 359.640625
308.359375 315.234375
330.109375 348.921875
243.109375 361.171875
0.855125
0.728239
0.724281
0.784579
0.780574
0.017548
0.008401
0.909089
0.918315
0.182635
187 0 0 0
303.550781 181.082031
227.683594 182.621094
231.339844 253.417969
309.035156 242.644531
323.660156 256.496094
232.253906 251.878906
234.082031 328.832031
308.121094 314.980469
328.230469 348.839844
238.195312 366.539062
0.870398
0.710073
0.823729
0.730942
0.776411
0.008805
0.047096
0.880184
0.851403
0.254723
188 0 0 0
304.164062 177.660156
226.007812 180.769531
227.914062 246.066406
307.023438 241.402344
323.226562 256.949219
255.554688 261.613281
239.351562 316.027344
307.023438 314.472656
327.992188 347.121094
240.304688 359.558594
0.778317
0.722716
0.775945
0.740243
0.787413
0.710167
0.026649
0.899038
0.897391
0.784283
189 0 0 0
302.996094 180.281250
225.832031 181.843750
231.410156 255.281250
306.714844 244.343750
322.519531 259.968750
229.550781 250.593750
238.847656 324.031250
306.714844 317.781250
328.097656 350.593750
238.847656 361.531250
0.794015
0.711708
0.433345
0.731968
0.795898
0.039846
0.007656
0.899206
0.913539
0.729979
190 0 0 0
299.996094 179.414062
222.832031 180.992188
228.410156 255.164062
305.574219 244.117188
320.449219 256.742188
227.480469 252.007812
235.847656 321.445312
304.644531 316.710938
326.027344 351.429688
235.382812 369.578125
0.874685
0.802153
0.284917
0.683446
0.767089
0.044543
0.130549
0.895660
0.910187
0.319329
191 0 0 0
298.441406 180.414062
220.925781 181.992188
225.652344 253.007812
306.003906 243.539062
319.238281 256.164062
224.707031 254.585938
233.214844 320.867188
304.113281 312.976562
325.855469 350.851562
232.742188 370.578125
0.815673
0.800030
0.065977
0.718279
0.761266
0.014267
0.043048
0.822479
0.862842
0.330747
192 0 0 0
300.500000 180.937500
219.500000 180.937500
222.500000 247.562500
303.500000 242.687500
318.500000 258.937500
227.500000 242.687500
225.500000 322.312500
303.500000 317.437500
323.500000 351.562500
235.500000 367.812500
0.483589
0.393918
0.122090
0.635408
0.766412
0.225714
0.086121
0.855661
0.865092
0.956180
193 0 0 0
298.945312 179.066406
218.710938 179.066406
222.773438 246.652344
304.023438 241.707031
317.226562 254.894531
222.773438 246.652344
223.789062 322.480469
304.023438 317.535156
324.335938 350.503906
234.960938 368.636719
0.644921
0.427853
0.140548
0.647739
0.773197
0.173612
0.177080
0.879038
0.906878
0.861083
194 0 0 0
303.007812 180.023438
217.695312 181.664062
222.773438 247.289062
303.007812 240.726562
318.242188 257.132812
227.851562 244.007812
225.820312 322.757812
303.007812 317.835938
323.320312 350.648438
233.945312 368.695312
0.357536
0.517947
0.327836
0.743397
0.789747
0.174605
0.156826
0.932785
0.874617
0.925499
195 0 0 0
298.714844 180.765625
216.839844 179.109375
317.136719 261.921875
301.785156 245.359375
319.183594 261.921875
219.910156 248.671875
224.003906 324.859375
301.785156 319.890625
322.253906 354.671875
232.191406 371.234375
0.617759
0.427956
0.100657
0.515739
0.675148
0.147872
0.139666
0.887902
0.884660
0.959857
196 0 0 0
297.882812 179.867188
217.273438 178.195312
318.820312 261.789062
302.070312 246.742188
317.773438 261.789062
218.320312 248.414062
225.648438 325.320312
302.070312 320.304688
321.960938 353.742188
230.882812 372.132812
0.697638
0.345232
0.312682
0.420363
0.448385
0.128490
0.648097
0.811214
0.716672
0.895264
197 0 0 0
301.308594 179.109375
214.027344 180.765625
218.183594 247.015625
299.230469 242.046875
315.855469 256.953125
223.378906 242.046875
225.457031 324.859375
300.269531 318.234375
321.050781 354.671875
229.613281 369.578125
0.391997
0.353257
0.242931
0.736801
0.804518
0.200927
0.204186
0.876209
0.874261
0.900787
198 0 0 0
295.074219 181.714844
211.949219 183.410156
317.933594 261.394531
298.191406 247.832031
315.855469 263.089844
218.183594 246.136719
321.050781 361.417969
299.230469 322.425781
320.011719 356.332031
228.574219 373.285156
0.718739
0.720043
0.351126
0.381557
0.598180
0.141425
0.429836
0.822130
0.490620
0.858397
199 0 0 0
294.789062 181.773438
211.039062 183.476562
317.820312 261.820312
296.882812 248.195312
316.773438 263.523438
216.273438 246.492188
224.648438 328.242188
298.976562 323.132812
318.867188 358.898438
227.789062 375.929688
0.639765
0.695114
0.233902
0.342140
0.576265
0.164835
0.433333
0.849229
0.449914
0.867012
200 0 0 0
292.230469 180.070312
210.144531 176.664062
310.933594 265.226562
298.464844 246.492188
311.972656 260.117188
214.300781 246.492188
319.246094 358.898438
298.464844 324.835938
313.011719 355.492188
224.691406 375.929688
0.559197
0.146240
0.155223
0.374696
0.578896
0.217437
0.907503
0.910052
0.062118
0.872772
201 0 0 0
294.832031 182.019531
207.292969 180.324219
210.457031 251.527344
296.941406 246.441406
312.761719 261.699219
210.457031 251.527344
319.089844 361.722656
296.941406 322.730469
316.980469 356.636719
225.222656 376.980469
0.536828
0.338914
0.077453
0.606115
0.736334
0.100506
0.423228
0.917141
0.729538
0.885929
202 0 0 0
291.230469 182.968750
202.910156 186.343750
308.894531 274.093750
295.386719 248.781250
309.933594 263.968750
209.144531 250.468750
317.207031 363.531250
295.386719 324.718750
312.011719 356.781250
221.613281 377.031250
0.508028
0.554844
0.113368
0.511682
0.635668
0.135167
0.871899
0.921860
0.062604
0.901561
203 0 0 0
286.074219 181.410156
200.871094 186.542969
205.027344 251.558594
293.347656 248.136719
306.855469 265.246094
207.105469 251.558594
217.496094 330.261719
293.347656 325.128906
315.167969 361.058594
218.535156 379.878906
0.508678
0.634245
0.417325
0.511374
0.737645
0.178517
0.379189
0.898789
0.880849
0.929024
204 0 0 0
285.152344 182.121094
197.871094 185.542969
209.300781 265.957031
291.386719 248.847656
305.933594 265.957031
204.105469 257.402344
314.246094 368.613281
291.386719 327.550781
308.011719 360.058594
216.574219 378.878906
0.584520
0.693533
0.145743
0.524387
0.746794
0.054770
0.928080
0.912814
0.033635
0.848750
205 0 0 0
196.992188 186.007812
287.023438 184.242188
303.773438 267.226562
202.226562 274.289062
302.726562 268.992188
201.179688 254.867188
311.101562 367.867188
290.164062 330.789062
310.054688 364.335938
212.695312 383.757812
0.734487
0.144318
0.206032
0.341627
0.584781
0.321802
0.671821
0.751652
0.391785
0.892264
206 0 0 0
280.343750 179.476562
191.093750 183.070312
197.468750 262.132812
286.718750 249.554688
302.656250 265.726562
195.343750 258.539062
207.031250 341.195312
287.781250 328.617188
309.031250 366.351562
212.343750 384.320312
0.724959
0.614622
0.064764
0.435182
0.720809
0.050403
0.156866
0.883059
0.916452
0.961679
207 0 0 0
276.003906 183.476562
188.238281 187.007812
198.941406 271.757812
282.425781 254.101562
299.550781 269.992188
192.519531 262.929688
205.363281 338.851562
283.496094 331.789062
304.902344 368.867188
207.503906 386.523438
0.724405
0.599081
0.213768
0.272877
0.726653
0.055545
0.858921
0.864984
0.348648
0.867477
208 0 0 0
276.792969 185.628906
183.402344 189.207031
188.832031 258.980469
278.964844 253.613281
296.339844 271.503906
189.917969 255.402344
199.691406 341.277344
280.050781 332.332031
302.855469 373.480469
201.863281 391.371094
0.593516
0.561039
0.101278
0.653091
0.700735
0.059532
0.324988
0.885917
0.897500
0.896518
209 0 0 0
271.097656 182.832031
178.566406 186.472656
290.925781 272.027344
276.605469 253.824219
293.128906 270.207031
185.175781 255.644531
298.636719 377.605469
276.605469 332.097656
298.636719 372.144531
197.292969 392.167969
0.606715
0.221133
0.183902
0.246279
0.619369
0.076673
0.272975
0.726643
0.770189
0.882287
210 0 0 0
269.003906 179.886719
173.550781 181.738281
289.957031 266.910156
269.003906 252.097656
288.792969 274.316406
185.191406 244.691406
293.449219 376.152344
271.332031 331.714844
292.285156 370.597656
192.175781 390.964844
0.537551
0.451357
0.360208
0.288341
0.446061
0.096687
0.313142
0.574318
0.196816
0.879626
211 0 0 0
259.511719 183.003906
166.386719 184.871094
283.957031 270.761719
264.167969 253.957031
281.628906 270.761719
172.207031 255.824219
287.449219 380.925781
266.496094 332.378906
288.613281 375.324219
186.175781 395.863281
0.647400
0.713180
0.156137
0.397565
0.728441
0.088424
0.158233
0.826644
0.662473
0.914183
212 0 0 0
254.062500 184.984375
161.812500 188.671875
173.062500 277.171875
260.812500 256.890625
274.312500 275.328125
166.312500 269.796875
179.812500 347.234375
261.937500 338.015625
284.437500 378.578125
180.937500 398.859375
0.773202
0.760881
0.197728
0.608289
0.834837
0.036035
0.598010
0.903980
0.856229
0.896129
213 0 0 0
246.339844 184.296875
153.613281 188.109375
161.433594 270.078125
254.160156 258.640625
268.683594 270.078125
159.199219 268.171875
172.605469 348.234375
257.511719 338.703125
280.972656 376.828125
174.839844 401.609375
0.810114
0.637118
0.116885
0.411269
0.941597
0.057273
0.413113
0.898480
0.854074
0.956077
214 0 0 0
242.839844 184.484375
147.386719 190.203125
153.207031 262.640625
249.824219 256.921875
264.957031 272.171875
148.550781 279.796875
156.699219 350.328125
252.152344 338.890625
275.433594 382.734375
168.339844 405.609375
0.711840
0.732925
0.656668
0.750580
0.819673
0.085817
0.125755
0.865418
0.899086
0.938983
215 0 0 0
245.378906 188.441406
141.566406 192.269531
146.285156 263.089844
246.558594 257.347656
260.714844 274.574219
143.925781 286.058594
154.542969 351.136719
247.738281 341.566406
270.152344 385.589844
161.621094 406.644531
0.599825
0.692849
0.668264
0.771888
0.809116
0.224505
0.334806
0.924578
0.870296
0.943833
216 0 0 0
233.882812 183.847656
136.367188 187.800781
136.367188 270.816406
240.054688 258.957031
257.335938 274.769531
132.664062 278.722656
143.773438 355.808594
241.289062 343.949219
264.742188 387.433594
154.882812 411.152344
0.817181
0.417121
0.095005
0.529491
0.647675
0.094303
0.115920
0.764216
0.819011
0.831416
217 0 0 0
226.515625 181.871094
127.796875 187.800781
131.453125 262.910156
235.046875 256.980469
252.109375 274.769531
132.671875 268.839844
143.640625 355.808594
236.265625 341.972656
259.421875 385.457031
149.734375 411.152344
0.688718
0.765425
0.577743
0.717504
0.714038
0.058975
0.178444
0.926450
0.873080
0.903753
218 0 0 0
221.625000 185.949219
121.625000 189.933594
125.375000 265.636719
229.125000 261.652344
246.625000 279.582031
126.625000 269.621094
136.625000 365.246094
230.375000 345.324219
254.125000 391.144531
141.625000 415.050781
0.796640
0.722677
0.373390
0.617376
0.674420
0.055387
0.161204
0.933689
0.916746
0.957859
219 0 0 0
212.515625 185.796875
112.578125 187.890625
118.984375 280.015625
222.765625 265.359375
239.421875 284.203125
112.578125 282.109375
122.828125 363.765625
224.046875 349.109375
248.390625 395.171875
133.078125 420.296875
0.878233
0.449565
0.109615
0.595050
0.629742
0.118676
0.200327
0.705827
0.878686
0.862644
220 0 0 0
207.683594 185.410156
105.917969 189.519531
113.746094 277.871094
218.121094 265.542969
233.777344 290.199219
107.222656 281.980469
241.605469 403.207031
218.121094 351.839844
242.910156 397.042969
126.792969 421.699219
0.753043
0.283050
0.110601
0.504394
0.587762
0.079370
0.060307
0.523962
0.759464
0.818498
221 0 0 0
214.703125 190.660156
97.796875 190.660156
104.515625 268.417969
213.359375 262.113281
226.796875 285.230469
107.203125 270.519531
111.234375 362.988281
214.703125 350.378906
240.234375 398.714844
120.640625 430.238281
0.431962
0.439999
0.419472
0.689385
0.833711
0.252579
0.392149
0.832482
0.709890
0.840241
222 0 0 0
198.378906 187.531250
90.207031 193.718750
100.269531 280.343750
207.183594 267.968750
224.792969 288.593750
97.753906 276.218750
112.847656 358.718750
208.441406 356.656250
233.597656 391.718750
112.847656 426.781250
0.524694
0.772960
0.204207
0.710767
0.789785
0.037094
0.030769
0.902628
0.671269
0.815157
223 0 0 0
199.046875 185.410156
83.734375 187.558594
91.421875 279.941406
200.328125 267.050781
215.703125 288.535156
88.859375 275.644531
100.390625 374.472656
201.609375 357.285156
227.234375 404.550781
106.796875 434.628906
0.641780
0.807524
0.472095
0.757367
0.854128
0.074705
0.471838
0.897015
0.834808
0.812839
224 0 0 0
184.128906 184.996094
75.863281 191.347656
87.746094 286.621094
196.011719 269.683594
213.175781 288.738281
83.785156 278.152344
93.027344 373.425781
197.332031 358.605469
222.417969 405.183594
95.007812 440.117188
0.877423
0.840917
0.415095
0.678676
0.735062
0.041271
0.335874
0.789241
0.874834
0.260000
225 0 0 0
180.371094 186.664062
70.894531 190.820312
77.652344 280.179688
191.183594 271.867188
208.753906 292.648438
74.949219 298.882812
85.761719 373.695312
192.535156 359.148438
219.566406 409.023438
90.492188 437.078125
0.824827
0.720990
0.650470
0.784734
0.814666
0.016038
0.408590
0.893675
0.846030
0.390319
226 0 0 0
191.890625 192.210938
64.031250 189.140625
69.390625 278.179688
188.828125 274.085938
205.671875 292.507812
63.265625 296.601562
75.515625 380.523438
187.296875 360.054688
213.328125 413.273438
79.343750 447.046875
0.277695
0.369998
0.759453
0.674591
0.578203
0.194617
0.388455
0.626980
0.558125
0.364586
227 0 0 0
173.210938 191.773438
55.195312 191.773438
62.304688 279.539062
181.742188 275.257812
198.804688 288.101562
63.726562 277.398438
67.992188 386.570312
183.164062 363.023438
207.335938 414.398438
82.210938 446.507812
0.391573
0.354765
0.092086
0.423030
0.528239
0.083506
0.032969
0.899051
0.868085
0.733952
228 0 0 0
169.535156 192.218750
50.871094 196.593750
56.589844 281.906250
173.824219 275.343750
195.269531 290.656250
58.019531 279.718750
66.597656 384.718750
179.542969 365.031250
205.277344 417.531250
75.175781 448.156250
0.747216
0.599654
0.106548
0.670843
0.603126
0.066224
0.379560
0.850847
0.853274
0.916687
229 0 0 0
163.042969 194.246094
44.261719 200.925781
52.746094 289.988281
171.527344 281.082031
188.496094 294.441406
56.988281 287.761719
64.058594 390.183594
174.355469 370.144531
201.222656 419.128906
68.300781 454.753906
0.692093
0.760203
0.288452
0.539051
0.706986
0.021589
0.702707
0.955626
0.885246
0.901961
230 0 0 0
162.535156 203.523438
39.980469 207.929688
50.316406 307.070312
169.917969 291.648438
189.113281 313.679688
172.871094 280.632812
56.222656 401.804688
171.394531 410.617188
199.449219 434.851562
56.960938 471.203125
0.610999
0.609505
0.477665
0.214027
0.591756
0.013056
0.485673
0.399381
0.783297
0.329224
