231
0 308.000031,167.999802,262.000000,165.999832,268.000061,207.000015,312.999969,204.999878,321.999969,211.000183,272.000061,214.000076,265.999908,258.999847,306.999908,252.000092,327.000000,268.000061,277.000000,272.000061,
1 307.999664,168.039963,262.028412,166.074554,268.058228,207.197769,313.039124,205.241898,322.011688,211.251511,272.071198,214.155136,266.009460,259.234833,307.039703,252.198318,327.003754,268.189209,276.986938,272.299408,
2 307.995056,168.046585,262.087158,166.217239,268.129303,207.292877,313.100922,205.221985,322.105713,211.279495,272.146973,214.309601,266.056885,259.189453,307.106628,252.166138,327.114014,268.098938,277.058105,272.193512,
3 307.989410,168.063721,262.100555,166.212692,268.069916,207.312881,313.058960,205.286346,322.058350,211.317108,272.099304,214.300934,266.017761,259.242004,307.079437,252.226456,327.018951,268.207092,277.010345,272.215942,
4 308.019165,168.080399,262.116272,166.208557,268.117310,207.371460,313.109283,205.250900,322.108673,211.276932,272.156494,214.367889,266.045105,259.301575,307.067261,252.239273,327.051666,268.345520,277.064484,272.411072,
5 308.024078,168.253464,262.185547,166.347290,268.155273,207.418076,313.180328,205.352829,322.186798,211.380478,272.189240,214.447556,266.092773,259.365601,307.138916,252.335754,327.156799,268.251709,277.086456,272.325500,
6 308.312653,168.256729,262.319458,166.326248,268.283508,207.454819,313.263123,205.432526,322.238617,211.400742,272.294434,214.464630,266.144562,259.404144,307.236420,252.387909,327.218231,268.273438,277.125458,272.415436,
7 308.405121,168.251450,262.395264,166.287933,268.404266,207.446457,313.386292,205.384369,322.397064,211.379303,272.395477,214.442993,266.334106,259.401672,307.350067,252.361038,327.352264,268.257263,277.347015,272.427216,
8 308.546570,168.022614,262.506409,166.152512,268.530823,207.222183,313.466309,205.174118,322.484955,211.205490,272.519165,214.236313,266.409363,259.173859,307.471375,252.131485,327.453674,267.837433,277.409454,272.157013,
9 308.650909,168.131653,262.708069,166.355637,268.630249,207.464447,313.558350,205.458755,322.592468,211.470444,272.595306,214.510498,266.551636,259.384094,307.596558,252.394974,327.544647,268.256226,277.525055,272.380737,
10 308.842621,168.411942,262.880707,166.423111,268.863220,207.494446,313.796478,205.475098,322.788727,211.434692,272.857880,214.515320,266.754547,259.466492,307.757507,252.458588,327.784851,268.248718,277.680206,272.468048,
11 308.943176,169.351120,263.181152,167.532471,269.130310,208.604431,314.105255,206.592804,323.057434,212.510315,273.136108,215.621338,267.022278,260.541351,307.964691,253.486328,327.962616,269.204620,277.977722,273.496552,
12 309.048889,169.130844,263.163361,167.212433,269.044647,208.284164,314.018707,206.269379,322.943512,212.241760,273.012268,215.265381,266.831360,260.186584,307.856201,253.218170,327.820557,269.050476,277.783081,273.164703,
13 309.049988,169.923035,263.041290,168.110550,269.076416,209.133560,314.058716,207.100952,323.034546,213.064117,273.089050,216.123276,267.045593,261.156433,308.030548,253.995926,328.008575,269.776855,278.013794,274.181915,
14 309.083282,172.068527,263.200256,170.311172,269.217926,211.311188,314.222931,209.183685,323.204559,215.105484,273.228119,218.315582,267.080261,263.150940,308.069977,256.152649,328.076508,271.791382,278.033722,276.075256,
15 309.084412,171.205399,263.217468,169.328552,269.215820,210.430191,314.209076,208.317932,323.184692,214.280869,273.231995,217.421249,267.056946,262.384033,308.112976,255.247482,328.087128,271.288391,278.017242,275.430664,
16 309.028625,171.246414,263.154846,169.364639,268.974548,210.491928,313.975128,208.438690,322.969727,214.401733,272.937866,217.505524,266.747375,262.538208,307.897522,255.413971,327.854675,271.365967,277.685364,275.553345,
17 309.041229,171.678940,263.017761,169.943771,268.934814,210.926758,313.971832,208.936249,322.936401,214.894012,272.903778,217.971405,266.749084,262.867065,307.883148,255.867249,327.843567,271.506927,277.676636,275.847961,
18 308.950012,172.011047,262.949371,170.340378,268.895264,211.420105,313.953064,209.345795,322.939667,215.303085,272.888519,218.453323,266.739441,263.474121,307.896271,256.364136,327.867889,272.375305,277.684509,276.473358,
19 308.871185,170.638901,262.737549,168.636276,268.688904,209.788895,313.719849,207.795273,322.744049,213.746490,272.681610,216.869995,266.495819,262.042480,307.708008,254.843231,327.638092,270.600128,277.472931,275.143066,
20 308.922852,171.012268,262.777405,169.243118,268.836121,210.291397,313.890381,208.271530,322.899292,214.215347,272.816010,217.363281,266.705261,262.422211,307.894653,255.322510,327.875275,271.150391,277.683685,275.429413,
21 308.833466,170.493484,262.700806,168.714600,268.690063,209.811752,313.827728,207.737411,322.841736,213.643936,272.708374,216.914673,266.678680,262.140442,307.900665,254.814346,327.881439,270.793274,277.664001,275.168945,
22 308.606506,169.985947,262.295563,168.058502,268.277435,209.272064,313.538147,207.243698,322.551331,213.261307,272.307159,216.287827,266.196167,261.538940,307.455719,254.287125,327.449432,270.217896,277.185364,274.582245,
23 308.172241,169.692688,261.884216,168.002518,267.929443,209.240509,313.249176,207.179459,322.240448,213.188461,271.960205,216.303833,265.838928,261.467834,307.148254,254.230087,327.190643,270.198029,276.832581,274.472473,
24 307.675720,169.257477,261.286285,167.340714,267.367737,208.677277,312.618835,206.632324,321.634308,212.586960,271.417480,215.741638,265.274658,261.052246,306.621857,253.744019,326.670929,269.744843,276.244232,274.130371,
25 307.040344,169.082428,260.766235,167.159592,266.809113,208.609497,312.227356,206.540222,321.213409,212.532150,270.856812,215.678635,264.736877,260.942932,306.123352,253.723785,326.180481,269.652954,275.730499,273.997803,
26 306.730743,169.671600,260.254120,167.689285,266.305420,209.243988,311.726746,207.240677,320.738678,213.255417,270.351837,216.339737,264.218811,261.617126,305.668701,254.363739,325.670441,270.361450,275.168976,274.628876,
27 306.681549,170.114212,260.266418,168.116104,266.228516,209.648773,311.702148,207.608551,320.713226,213.624725,270.298157,216.755692,264.104919,262.091095,305.653564,254.856247,325.653351,270.840393,275.090485,275.106110,
28 306.818787,169.673203,260.284058,167.552383,266.340454,209.213104,311.833069,207.222733,320.795319,213.251770,270.365234,216.294418,264.168884,261.685913,305.705841,254.429855,325.742706,270.393372,275.131836,274.828186,
29 307.500610,170.418518,261.052795,168.512665,266.953186,210.029633,312.533875,208.142197,321.529724,214.213959,270.952209,217.243530,264.676575,262.490143,306.326447,255.352661,326.370697,271.102478,275.665558,275.566040,
30 308.519196,170.734894,261.955872,168.551010,267.804962,210.229065,313.440582,208.383652,322.401398,214.442261,271.742859,217.368561,265.426056,262.777496,307.097748,255.567322,327.058197,271.767395,276.405090,275.879211,
31 310.440948,171.156982,263.890015,168.936478,269.540314,210.707565,315.241821,208.848541,324.154968,214.971786,273.535522,217.818497,267.026855,263.312866,308.712433,256.101471,328.689514,272.214661,277.957764,276.399933,
32 312.807281,172.790726,266.482452,170.853043,272.095490,212.396118,317.568481,210.551666,326.516113,216.616241,276.032623,219.549271,269.504059,264.898865,311.092896,257.771759,331.039978,274.079254,280.428925,277.983032,
33 315.254028,173.880280,269.022064,171.837296,274.352661,213.463730,319.870667,211.693390,328.764648,217.760864,278.321655,220.606873,271.565002,265.943298,313.340057,258.867676,333.200409,275.355713,282.465881,278.996124,
34 318.248932,173.228180,272.038696,170.851776,277.405396,212.474899,322.930511,210.720428,331.801727,216.892212,281.316193,219.620819,274.496765,265.110321,316.302979,257.965759,336.016907,274.418060,285.394470,278.265533,
35 321.663910,173.979172,275.524963,172.001343,280.987976,213.523132,326.401398,211.711792,335.295685,217.787888,284.919739,220.657959,278.303040,266.033386,319.864899,258.928009,339.709381,275.164185,289.187683,279.056091,
36 324.109344,174.459488,278.052917,172.476059,283.572845,214.132050,328.956390,212.215317,337.841980,218.284729,287.520294,221.321075,280.923737,266.778320,322.554138,259.421570,342.441223,275.761322,291.829712,279.903412,
37 327.180511,172.644257,281.103729,170.512375,286.625916,212.345016,332.027405,210.435074,340.910339,216.486801,290.549927,219.473053,283.928284,265.050812,325.608826,257.694366,345.469208,274.092255,294.820099,278.217102,
38 329.776764,171.687546,283.783813,169.815674,289.361206,211.535355,334.643005,209.650757,343.573853,215.760361,293.322693,218.699341,286.636597,264.254456,328.298218,257.005859,348.019531,273.378723,297.536407,277.342316,
39 332.715515,170.835480,286.596466,168.797562,292.086365,210.568604,337.433472,208.763870,346.301483,214.978821,295.932617,217.690201,289.273346,263.225891,330.920868,256.054932,350.679932,272.755341,300.126404,276.339325,
40 334.851593,168.819061,288.812225,166.702988,294.159790,208.605392,339.573700,206.909378,348.467712,213.114883,298.061615,215.780350,291.222809,261.369019,333.000031,254.191086,352.702057,270.996399,302.067688,274.559723,
41 336.571747,168.089569,290.419189,165.950195,295.670074,207.869812,341.148224,206.213409,349.984131,212.422150,299.548889,215.112961,292.668671,260.537262,334.504608,253.497681,354.115875,270.145081,303.533600,273.714081,
42 338.502228,168.457047,292.277405,166.524750,297.677399,208.478195,343.160034,206.704422,351.983154,212.848358,301.590088,215.669052,294.872101,261.306335,336.713501,254.165329,356.405945,270.967102,305.755829,274.460754,
43 340.171997,168.208893,293.784637,166.332443,299.443756,208.319168,344.857605,206.464493,353.769928,212.578217,303.366272,215.552170,296.657013,261.241333,338.490173,253.938217,358.184143,270.462799,307.580383,274.452637,
44 341.880859,166.332352,295.879547,164.526749,301.305786,206.556519,346.781494,204.694168,355.701935,210.858902,305.281128,213.754913,298.566772,259.465820,340.471069,252.201431,360.240936,268.828735,309.470856,272.682739,
45 343.730865,166.098755,297.462646,164.480713,303.013977,206.487106,348.524506,204.671082,357.460724,210.866241,306.926270,213.686264,300.322723,259.545624,342.132782,252.180496,361.869873,269.162506,311.220795,272.805237,
46 344.882355,166.101334,298.525085,164.231979,304.019226,206.295654,349.625824,204.480865,358.551239,210.641022,307.970367,213.503601,301.354309,259.483765,343.265045,252.048187,363.031189,268.957123,312.259064,272.759735,
47 345.580353,164.797607,299.041321,162.917328,304.494598,205.216827,350.186249,203.356247,359.050842,209.546112,308.436279,212.534470,301.687683,258.382446,343.733978,251.034744,363.541046,267.866333,312.544891,271.504822,
48 345.614105,164.286804,299.070984,162.339066,304.563019,204.715820,350.270691,202.862671,359.160583,209.198624,308.484406,211.964157,301.789948,257.999695,343.853790,250.544403,363.665771,267.637451,312.660797,271.323425,
49 345.342743,164.469208,298.763184,162.647736,304.323700,205.175171,350.191406,203.278778,359.096771,209.514206,308.319000,212.440353,301.675293,258.626129,343.813019,251.028732,363.657379,268.148529,312.607025,271.934082,
50 344.660553,163.812469,297.853271,162.273483,303.591919,204.723267,349.533356,202.746460,358.510010,209.071991,307.567444,212.072723,301.264160,258.151001,343.364929,250.511276,363.246216,267.444458,312.192719,271.525452,
51 343.632721,163.477570,296.648163,161.865784,302.485809,204.494873,348.519562,202.493134,357.512299,208.724045,306.516144,211.831192,300.250946,258.143860,342.442780,250.352142,362.390259,267.402435,311.162140,271.516479,
52 342.457123,163.349747,295.306366,161.656921,301.176880,204.537231,347.374115,202.435837,356.349213,208.728485,305.233734,211.825089,298.934509,258.442993,341.231110,250.432434,361.272125,267.300385,309.881165,271.832520,
53 341.838318,160.784378,294.728943,159.354538,300.649902,202.277039,347.111755,200.035873,356.079285,206.323822,304.730042,209.556381,298.720428,256.147552,341.101868,248.167206,361.221161,265.049561,309.708191,269.526794,
54 341.394989,161.111740,294.111847,159.202408,299.840729,202.366241,346.287079,200.366974,355.270325,206.637115,303.869720,209.628372,297.553864,256.356445,340.021942,248.421066,360.150024,266.029480,308.548553,269.753021,
55 340.538452,162.074463,293.117706,160.190842,298.784241,203.421265,345.313843,201.544571,354.276276,207.842850,302.800720,210.761520,296.425079,257.633850,338.983795,249.660477,359.001160,267.172760,307.408020,271.139465,
56 339.164307,161.626450,291.731964,160.147751,297.452942,203.287170,344.224518,201.332901,353.181427,207.636032,301.522614,210.623459,295.252808,257.476013,337.878174,249.419662,358.080322,266.982758,306.201782,270.914795,
57 337.850220,162.813660,290.190491,160.907379,295.872894,204.365051,342.706238,202.394882,351.744507,208.746567,299.946716,211.726685,293.623352,258.656311,336.556396,250.563812,356.642334,268.208313,304.597748,272.186279,
58 336.396790,162.144638,288.423126,160.502975,294.441223,204.004944,341.395477,201.882156,350.441895,208.290298,298.588531,211.444901,292.495605,258.735168,335.319641,250.294754,355.604919,267.693665,303.500336,272.267395,
59 335.145142,164.341888,287.147705,162.875168,293.078522,206.395050,340.205963,204.258118,349.220764,210.561859,297.215088,213.773819,290.983124,261.032898,334.015350,252.684540,354.308411,270.055237,301.922180,274.415283,
60 333.415009,164.369385,285.238403,162.940109,291.317017,206.514999,338.497192,204.381882,347.540466,210.760239,295.465729,213.912094,289.324493,261.345459,332.474487,252.956955,352.702606,270.709503,300.338135,274.911621,
61 331.134247,163.334930,282.581909,161.435699,288.573883,205.356049,336.028656,203.343048,345.045654,209.772278,292.690887,212.790833,286.499329,260.412476,329.774902,251.999512,350.029785,269.862610,297.486847,274.048492,
62 328.794830,163.503494,280.280487,161.539368,285.938385,205.514496,333.701447,203.610382,342.714722,210.120758,290.075226,213.089279,283.673279,260.626648,327.302948,252.269958,347.597534,270.197021,294.666260,274.197571,
63 326.334686,164.509857,277.537079,162.717514,283.409698,206.665268,331.281128,204.679688,340.298523,211.235779,287.549957,214.297607,281.365601,261.809174,325.038879,253.443817,345.357117,271.411377,292.336304,275.554962,
64 324.072571,164.552536,274.953094,162.521683,280.918365,206.783630,328.928833,204.805771,337.985901,211.344315,285.110870,214.417740,278.806152,262.459167,322.730865,253.641907,343.102753,271.822388,289.819672,276.164948,
65 321.816772,165.014023,272.641113,163.392273,278.650604,207.665695,327.008789,205.637222,336.044373,212.099228,282.860748,215.313751,276.731445,263.325836,320.716522,254.472870,341.246765,272.627777,287.710602,276.977905,
66 320.098511,166.584503,270.755493,165.024246,276.803711,209.295120,325.312042,207.170059,334.362579,213.675217,281.048523,216.878845,275.012451,265.127380,319.083984,256.269623,339.618042,274.386505,286.112274,278.832550,
67 318.874237,166.516006,269.186157,164.508362,275.315308,209.125626,323.985687,207.128098,333.030182,213.641953,279.516907,216.766983,273.411255,265.248871,317.740417,256.266846,338.280090,274.477386,284.415253,278.941132,
68 317.911499,165.465302,267.759766,163.907059,273.757568,208.464371,322.644135,206.430420,331.691223,213.002670,278.037567,216.205811,271.908173,264.654663,316.314301,255.631577,336.890228,273.799774,282.953644,278.555206,
69 316.338837,165.690033,266.368744,163.783905,272.402771,208.621231,321.367889,206.590607,330.391144,213.299469,276.570801,216.344574,270.309265,264.801483,314.931427,255.924438,335.545563,274.328674,281.296112,278.666565,
70 315.274933,166.545059,265.229370,164.746445,271.279785,209.651031,320.498108,207.638031,329.513306,214.316605,275.517395,217.435074,269.497009,266.280884,314.125366,257.087585,334.748138,275.471069,280.500977,280.152832,
71 314.311951,166.110687,263.940460,164.489410,269.991272,209.483246,319.483032,207.430664,328.508972,214.066711,274.322784,217.300491,268.338684,266.263794,313.120758,256.854065,333.764740,275.291107,279.365479,280.124207,
72 313.342316,166.773209,262.914246,165.249161,268.995514,210.267868,318.558441,208.178665,327.608276,214.815659,273.316956,218.156479,267.348755,266.967834,312.189667,257.719299,332.936279,276.415405,278.366150,280.829529,
73 312.936584,167.819443,262.226379,166.368118,268.425232,211.460205,318.186127,209.374893,327.271118,216.062881,272.685211,219.343033,266.651367,268.592651,311.826569,259.115601,332.622223,277.660278,277.667358,282.652039,
74 312.516663,168.112473,261.742432,166.553604,267.859528,211.874054,317.721436,209.781952,326.791687,216.530807,272.212860,219.805878,266.156616,269.020416,311.415039,259.552246,332.153412,278.181152,277.174530,282.879181,
75 312.114319,167.606979,261.251038,165.733261,267.177643,211.142944,317.315430,209.264465,326.315918,215.986389,271.470154,219.077484,265.296082,268.318085,310.813995,259.020874,331.534363,277.985291,276.303680,282.527863,
76 312.298096,167.624405,261.164001,165.816025,267.231995,211.413834,317.479156,209.528397,326.500763,216.333359,271.531097,219.366852,265.358826,268.820496,310.903320,259.398987,331.720062,278.378693,276.393402,283.025208,
77 312.712830,168.517914,261.636932,167.157883,267.636505,212.857040,317.965393,210.774796,327.056183,217.543655,272.000031,220.747406,265.966125,270.337524,311.642151,260.685822,332.426971,279.625275,276.993561,284.501434,
78 313.492920,168.247925,262.242981,166.734222,268.329346,212.456833,318.733124,210.455231,327.780884,217.279007,272.651001,220.453262,266.610779,270.046814,312.366852,260.456116,333.216583,279.565063,277.629059,284.319305,
79 314.272278,168.486908,262.980255,166.749008,268.804230,212.658096,319.512543,210.734192,328.497772,217.615097,273.213898,220.687225,266.951782,270.421021,312.859314,260.843079,333.622864,280.035736,277.946747,284.750244,
80 315.196289,168.196701,263.727112,166.583801,269.639038,212.535614,320.449249,210.629959,329.428619,217.524323,274.027466,220.610504,267.779724,270.323853,313.819916,260.710693,334.586243,279.948822,278.790100,284.734283,
81 316.243713,167.411331,264.638733,165.976547,270.628815,212.001221,321.469177,209.932297,330.504730,216.824951,275.044678,220.081467,268.985962,270.031738,315.021240,260.247467,335.885742,279.646454,280.016541,284.378021,
82 316.954987,168.639023,265.234741,167.292725,271.292725,213.421219,322.298767,211.397003,331.301849,218.296967,275.672363,221.480133,269.572052,271.571686,315.742615,261.642090,336.601471,281.249512,280.599762,285.949890,
83 317.864838,169.558090,266.238464,168.392105,272.267853,214.678146,323.311523,212.622803,332.349213,219.558228,276.645569,222.834824,270.567383,273.054779,316.809357,263.060486,337.674713,282.654602,281.596527,287.421082,
84 318.872650,168.876663,267.118805,167.663223,273.100403,213.960434,324.313477,211.872620,333.359100,218.793732,277.511047,222.133240,271.499359,272.344574,317.834839,262.368164,338.748260,281.957886,282.565948,286.871307,
85 319.811646,166.773163,267.660706,165.369751,273.725861,211.905334,325.179230,209.988312,334.225494,217.025238,278.195221,220.185654,272.077393,270.419189,318.728790,260.435303,339.510010,280.449554,283.128845,285.237518,
86 320.647125,167.578659,268.409180,166.383606,274.426971,212.987549,325.919739,211.023987,334.973328,218.017578,278.863464,221.238220,272.643860,271.638062,319.431793,261.589813,340.318390,281.551300,283.646729,286.391693,
87 321.499664,168.557404,269.311768,167.453720,275.206177,214.198044,326.837921,212.133713,335.904053,219.177597,279.636963,222.415466,273.518585,272.787384,320.393921,262.768341,341.286987,282.700195,284.565094,287.519165,
88 322.351074,167.657837,269.841492,166.655762,275.968658,213.613541,327.770813,211.432739,336.825836,218.495026,280.461792,221.818451,274.529572,272.483795,321.430634,262.268250,342.359497,282.340454,285.609955,287.326965,
89 323.421051,167.648666,270.870026,166.371170,276.810425,213.410767,328.750610,211.317398,337.796356,218.376572,281.329071,221.630478,275.238953,272.432465,322.313568,262.174377,343.327850,282.458008,286.277893,287.281372,
90 324.381897,166.471832,271.797302,165.188705,277.542175,212.155685,329.628082,210.295441,338.620911,217.417130,282.003754,220.513382,275.763214,271.277924,322.990906,261.268738,343.914948,281.707092,286.794464,286.261475,
91 325.473267,166.596512,272.709869,165.344391,278.681732,212.700989,330.771332,210.713104,339.805176,217.840271,283.223297,221.006546,276.967499,271.984314,324.384460,261.669403,345.290955,282.259460,288.005798,287.151764,
92 326.298859,166.543076,273.469727,165.462738,279.218658,212.837891,331.601471,211.022781,340.547516,218.175064,283.684509,221.291550,277.490997,272.171570,324.930603,261.897034,345.868591,282.645264,288.515137,287.264313,
93 327.084045,167.568939,274.194580,166.547348,279.950378,214.118774,332.477539,212.164627,341.474518,219.365707,284.477661,222.515045,278.354065,273.499054,325.902649,263.267273,346.874786,283.915985,289.362457,288.576233,
94 328.343536,167.639709,275.313354,166.792297,281.383209,214.619110,333.944733,212.265747,343.132202,219.431351,286.001801,222.936676,280.194916,274.329468,327.840118,263.483734,348.855042,284.432617,291.288879,289.568085,
95 329.328583,166.053772,276.090393,165.467957,282.212921,213.213333,334.949493,210.943268,344.110596,218.126587,286.868591,221.683014,281.055939,272.974945,328.787689,262.257874,349.855499,282.879822,292.166962,288.340027,
96 330.167450,169.436081,276.814209,168.596893,282.747101,216.582733,335.682831,214.273438,344.764648,221.492401,287.395569,224.969955,281.411804,276.258636,329.398651,265.638489,350.540070,286.846222,292.487091,291.745941,
97 330.870880,169.530502,277.302612,168.694641,283.314087,216.786728,336.415405,214.560135,345.476562,221.801849,287.967773,225.277710,281.895538,276.973236,329.984161,266.113159,351.197723,287.344513,292.996155,292.617310,
98 331.255432,168.408478,277.490967,167.444839,283.260834,215.680862,336.582001,213.598297,345.604492,220.963776,287.847626,224.131058,281.618378,275.850250,329.950256,265.153381,351.112244,286.735626,292.655762,291.564240,
99 331.310913,167.889664,277.344269,167.017365,283.239777,215.412582,336.673889,213.301758,345.722931,220.618500,287.839264,223.890152,281.776062,275.746796,330.363373,264.842468,351.379425,286.520233,292.820465,291.443878,
100 331.247131,168.773376,276.999725,167.897522,282.938232,216.645477,336.636932,214.386200,345.696075,221.686661,287.648895,225.132782,281.696411,277.190460,330.367859,266.126587,351.540924,287.747803,292.751251,293.026398,
101 331.167816,167.949799,276.856628,167.417282,282.900818,216.248413,336.797211,213.767029,345.910522,221.135239,287.614319,224.708481,281.861969,276.818024,330.605499,265.651978,351.824371,287.186401,293.006317,292.686493,
102 331.757080,168.694122,277.397705,168.398804,283.412140,217.275650,337.485229,214.841415,346.567444,222.238388,288.193359,225.749191,282.451447,277.926849,331.268616,266.735718,352.561615,288.604858,293.591797,294.019714,
103 332.182526,169.626816,277.667999,169.108795,283.503418,218.278229,337.755310,215.826965,346.852142,223.291718,288.275391,226.788254,282.388519,279.015594,331.418884,267.891785,352.621643,289.805145,293.447113,295.334625,
104 332.399841,168.758118,277.602203,168.146164,283.502502,217.427872,337.984619,215.114975,347.099152,222.602722,288.265076,225.971039,282.285278,278.283905,331.454346,267.313721,352.763214,289.402832,293.391815,294.735443,
105 332.681854,168.173965,277.628937,167.355530,283.338562,216.841492,338.007416,214.617447,347.085815,222.184631,288.113159,225.443893,281.936005,277.879150,331.407593,266.747559,352.651947,289.182098,293.020050,294.306488,
106 332.677460,169.198532,277.535156,168.453094,283.278809,218.251526,338.151306,215.900070,347.188477,223.467041,288.069000,226.747589,281.943329,279.296417,331.525391,268.238495,352.826538,290.739197,293.034149,295.999847,
107 332.783264,169.559830,277.550476,169.136475,283.272278,219.090881,338.368225,216.693298,347.371735,224.283203,288.090240,227.644669,281.966614,280.357697,331.703369,269.117371,353.086639,291.581421,293.058197,297.041321,
108 333.344604,169.656952,277.876740,168.991760,283.488708,219.151688,338.815887,216.749939,347.830139,224.354095,288.341217,227.716034,282.247772,280.489227,332.231049,269.228546,353.581146,291.852539,293.318695,297.238068,
109 333.731049,169.661911,278.021240,169.207260,283.845215,219.485260,339.333984,216.997009,348.363617,224.623444,288.681061,228.089523,282.658356,281.081757,332.710541,269.570007,354.226379,292.483887,293.792603,298.031555,
110 334.300446,172.648148,278.493744,172.414154,284.322540,222.847382,339.861328,220.257492,348.926880,227.840088,289.174835,231.453781,283.129730,284.456818,333.293121,272.915497,354.788513,295.746216,294.233826,301.430603,
111 334.353699,170.675446,278.436768,170.378281,284.117218,220.960541,339.909027,218.469482,348.973755,226.126297,288.965027,229.562546,282.915222,282.652405,333.340210,271.215668,354.822174,294.442932,294.013702,299.847931,
112 334.357788,169.384598,278.178772,168.703400,283.919525,219.642853,340.058960,217.132706,349.088837,224.823761,288.848114,228.326477,282.910004,281.479736,333.412720,269.938232,355.008972,293.424835,294.002594,298.806671,
113 334.403931,170.171585,277.980011,169.692703,283.785645,220.834793,340.035004,218.324585,349.074615,225.938232,288.689392,229.533691,282.653992,282.829651,333.410095,271.235077,355.005920,294.639343,293.711182,300.157745,
114 334.291351,170.522629,277.627808,170.049530,283.223755,221.422836,339.766205,218.908936,348.728882,226.655579,288.115479,230.119049,281.928497,283.428375,332.897430,271.880859,354.543152,295.585236,292.997345,301.043365,
115 333.805939,170.330185,277.051575,169.797180,282.598846,221.367706,339.418152,218.783234,348.383698,226.599762,287.541473,230.074860,281.387909,283.677734,332.590759,271.952942,354.219696,295.842590,292.475922,301.431274,
116 333.535156,170.577148,276.437347,170.323471,282.048157,221.960403,339.045593,219.528442,348.051208,227.267319,287.029724,230.748398,280.923096,284.465027,332.284454,272.677612,353.872833,296.658295,291.960327,302.222015,
117 332.950623,171.740005,275.692444,171.588531,281.340393,223.380630,338.626678,220.822723,347.616302,228.612839,286.324066,232.127426,280.226349,286.002380,331.751648,274.125031,353.492859,298.348145,291.266998,303.766388,
118 332.810883,172.732880,275.293152,172.257919,280.832916,224.501938,338.407379,221.846741,347.403687,229.708893,285.815277,233.298004,279.794586,287.261688,331.494476,275.393494,353.300842,299.647034,290.817352,305.286682,
119 332.599731,173.932236,274.881165,173.773315,280.406952,226.053665,338.232849,223.495407,347.194885,231.336700,285.399109,234.828278,279.253021,289.053375,331.282745,277.013824,353.117798,301.541443,290.393707,307.192719,
120 332.248779,172.923126,274.254181,172.490112,279.596985,225.083252,337.677948,222.566940,346.651031,230.424911,284.616669,233.884399,278.404755,287.970795,330.595215,276.156281,352.384033,300.814728,289.500641,306.380188,
121 332.256531,172.939728,274.062103,172.593430,279.577209,225.496323,337.754669,222.719147,346.734467,230.633041,284.586670,234.340042,278.437897,288.591492,330.813965,276.539886,352.739075,301.474518,289.507935,307.108521,
122 332.161987,173.168823,273.605408,173.100906,279.159058,226.172333,337.727966,223.590530,346.673676,231.498764,284.231354,235.009247,278.093994,289.507111,330.634247,277.336761,352.584717,302.323090,289.144257,308.101105,
123 332.010712,175.128998,273.325012,175.012070,278.763550,228.343445,337.603790,225.609329,346.571899,233.532150,283.833221,237.251282,277.730713,291.704224,330.625336,279.533325,352.552734,304.567871,288.864044,310.444183,
124 331.578888,175.854187,272.592407,175.864990,278.081543,229.319199,337.259888,226.544983,346.236206,234.554749,283.229309,238.201706,277.096985,292.910736,330.250916,280.603973,352.260895,306.056732,288.191986,312.029968,
125 331.318542,174.224625,271.877014,174.179886,277.440186,228.046753,336.929047,225.249130,345.876190,233.274445,282.543549,236.896866,276.486176,291.786591,329.776428,279.446411,351.941406,304.856628,287.622070,310.986755,
126 330.740570,173.663345,271.457764,173.720810,277.115173,227.779572,336.749939,224.827286,345.754822,232.767609,282.322418,236.721115,276.418854,291.753998,329.885742,279.163025,352.222809,304.794556,287.577026,310.974487,
127 330.171021,174.250793,270.630005,174.458771,276.132172,228.731735,336.095947,225.755981,345.080109,233.775085,281.334473,237.687912,275.492065,292.784027,329.188843,280.208679,351.476135,306.133972,286.659821,312.209442,
128 329.576111,173.318832,269.567749,173.407959,275.228821,227.844681,335.508911,224.979385,344.490723,233.075943,280.390106,236.823029,274.438263,292.167938,328.446228,279.520447,350.685181,305.573914,285.572083,311.870483,
129 329.035675,170.067566,268.805664,169.907959,274.226074,224.631943,334.763702,222.178802,343.657837,230.312500,279.388916,233.681168,273.148743,289.056274,327.433746,276.684814,349.603821,303.044159,284.237457,308.921417,
130 328.618103,168.759140,268.087616,168.146347,273.277924,223.331802,334.149567,221.028000,342.973328,229.274551,278.396454,232.452667,271.930359,287.835144,326.494324,275.655090,348.579620,302.409241,282.969238,307.897736,
131 327.863678,171.693893,267.122894,171.370239,272.284668,226.629913,333.458588,224.324142,342.304047,232.581543,277.421326,235.781769,270.933990,291.560455,325.760162,279.129913,348.051727,305.867065,282.015686,311.783478,
132 327.486633,174.091034,266.436523,173.901321,271.642792,229.383774,333.210846,226.776871,342.092529,235.067200,276.856201,238.577789,270.614929,294.469116,325.608948,281.675842,348.039764,308.591644,281.699860,314.561066,
133 327.261963,172.741013,265.910065,172.528305,271.298096,228.400116,333.060486,225.635910,341.947144,233.974564,276.526581,237.538773,270.418518,293.466766,325.562286,280.736328,348.067902,307.872009,281.575104,313.918610,
134 327.473541,176.135422,265.957092,176.081131,271.229584,232.112442,333.257629,229.406921,342.137909,237.744522,276.502777,241.355957,270.250977,297.545746,325.630096,284.597351,348.205383,311.772217,281.359772,318.113190,
135 327.485077,176.050110,265.746033,175.828094,270.931763,232.141739,333.278564,229.417007,342.137909,237.798981,276.238403,241.368271,269.907898,297.617615,325.635468,284.729584,348.171539,312.226929,281.033051,318.328308,
136 327.445282,172.488342,265.367615,172.012909,270.299683,228.634995,332.931274,226.209198,341.729980,234.636490,275.544006,237.947021,269.190857,294.359283,325.257019,281.516327,347.523407,309.416962,280.254883,315.352722,
137 327.395111,172.443253,264.994141,172.432404,270.393250,229.367889,333.235626,226.324509,342.195709,234.781555,275.717926,238.639328,269.715881,295.270630,325.931976,281.969757,348.505524,309.629517,280.869324,316.244171,
138 326.746399,174.457016,264.203674,174.689865,269.336548,231.746277,332.566010,228.901520,341.465912,237.429062,274.715149,241.116730,268.570343,297.746460,325.131378,284.546753,347.557190,312.493561,279.721924,319.064758,
139 326.975189,176.982620,264.170288,177.265671,269.415955,234.637711,332.830383,231.470673,341.709991,239.959244,274.790070,244.004639,268.754333,300.773376,325.489868,287.308990,348.212921,315.524109,279.898499,322.301056,
140 327.483856,176.153580,264.451324,176.671646,269.920227,234.230927,333.616638,230.847778,342.586029,239.464905,275.429230,243.565186,269.569153,300.544769,326.479553,286.933136,349.240112,315.210999,280.793335,322.283691,
141 328.068573,172.391266,264.606232,173.072296,270.053101,230.759415,334.071198,227.481094,342.958374,236.103012,275.527863,240.195953,269.677368,297.088501,326.849426,283.601624,349.639526,312.067780,281.020844,318.854828,
142 327.993744,171.882324,264.376678,172.046906,269.500183,230.274277,333.728241,227.263687,342.610870,235.901352,274.953583,239.660568,268.861572,296.740723,326.325897,283.368439,349.048584,312.388123,280.039917,318.854858,
143 327.760315,173.945053,263.865234,174.150742,268.920044,232.681152,333.575134,229.648392,342.441162,238.401550,274.412445,242.156265,268.214478,299.381714,325.933380,285.918549,348.648621,315.112518,279.331299,321.578217,
144 327.473663,173.452164,263.441650,173.876938,268.587738,232.549301,333.555695,229.296844,342.466064,238.036575,274.200562,242.023117,268.217773,299.470917,326.160492,285.704590,349.065033,314.779388,279.379333,321.740417,
145 327.344940,171.956879,262.734344,172.284851,268.002380,231.354614,333.356415,228.052856,342.270752,236.912674,273.559967,240.828888,267.751709,298.367004,325.876587,284.615723,348.755524,314.276733,278.991028,320.820099,
146 327.268982,174.798126,262.522034,175.298080,267.638733,234.378204,333.307709,231.265900,342.187592,240.091965,273.289856,243.913666,267.224243,301.739655,325.757874,287.887085,348.593384,317.660736,278.418335,324.479736,
147 327.312347,176.698029,262.427551,177.289062,267.412842,236.651352,333.309235,233.319214,342.192261,242.169128,273.087128,246.258240,267.041748,304.082214,325.769104,290.191711,348.634064,320.073975,278.267090,327.153442,
148 327.400024,174.355667,262.222198,174.677841,267.199585,234.544815,333.393921,231.119766,342.300568,240.099945,272.802307,244.170990,266.849854,302.026550,325.798737,288.119751,348.796539,318.503265,278.076294,325.279846,
149 327.908722,175.582596,262.363373,176.630966,267.591492,236.618240,334.108978,233.007553,342.962769,241.973328,273.311798,246.217407,267.526062,304.471436,326.749725,290.150543,349.837067,320.455414,278.719604,327.670685,
150 328.272430,176.031006,262.534729,177.148468,267.711548,237.302704,334.440735,233.670242,343.388580,242.630310,273.486298,246.956207,267.657837,305.274933,327.145111,290.872223,350.300690,321.420135,278.854309,328.638611,
151 328.688110,174.787994,262.792328,175.672684,267.927460,236.211807,335.016663,232.657883,343.885010,241.618546,273.708496,245.920914,267.963257,304.314606,327.675293,289.955078,350.862152,320.619781,279.243988,327.988068,
152 329.325226,174.169754,263.078796,175.242859,268.335083,235.967606,335.601288,232.241806,344.496979,241.349747,274.161987,245.654877,268.389404,304.210541,328.204956,289.691986,351.470764,320.692627,279.577301,328.149658,
153 329.530060,174.066299,262.941223,174.918091,268.066467,236.018539,335.627106,232.372147,344.488556,241.547424,273.800751,245.729523,267.885864,304.414337,328.149719,289.947693,351.386566,321.310516,279.134613,328.525146,
154 329.750336,174.186249,262.837189,175.159943,267.971558,236.566986,335.871460,232.853073,344.688690,242.020035,273.738068,246.363693,267.849670,305.062256,328.313751,290.578705,351.592590,322.198120,279.116852,329.471832,
155 329.753418,174.321472,262.609741,175.396393,267.730438,237.236282,336.033905,233.327118,344.917389,242.563522,273.635712,247.052673,267.825623,305.829865,328.552490,291.282104,351.929779,322.903168,279.129822,330.326141,
156 329.892212,175.069122,262.566467,176.439240,267.650513,238.436813,336.250397,234.374588,345.170502,243.668365,273.570404,248.286819,267.820892,307.249542,328.911865,292.527100,352.270416,324.355316,279.150909,331.939117,
157 330.167389,174.642410,262.525391,175.884415,267.539795,238.234085,336.413147,234.255417,345.335571,243.575821,273.505798,248.170731,267.740662,307.224731,328.952423,292.455658,352.344971,324.610199,279.048340,332.278534,
158 330.148560,173.760971,262.116760,175.124680,267.203278,237.722321,336.369415,233.720566,345.282959,243.124680,273.119019,247.654800,267.425171,307.007172,328.942719,292.094391,352.390015,324.504700,278.626404,332.215546,
159 330.127899,174.182083,261.762146,175.605881,266.723511,238.586685,336.369110,234.602631,345.261353,244.001266,272.728546,248.549469,267.007690,307.870972,328.898621,292.963287,352.382751,325.557404,278.309937,333.358215,
160 329.633759,174.077423,260.801605,175.657471,265.897888,238.876511,335.893677,234.815613,344.768799,244.303314,271.894928,248.871277,266.227966,308.375153,328.275818,293.351074,351.895874,326.432373,277.488678,334.056580,
161 329.422333,173.487946,260.335785,175.119797,265.514130,238.688614,335.813416,234.511581,344.720184,244.008652,271.543213,248.775696,265.943848,308.436310,328.292969,293.150574,351.958435,326.457977,277.302582,334.339752,
162 328.969360,173.765579,259.715637,175.555649,264.765442,239.362686,335.443665,235.109970,344.388641,244.662903,270.848389,249.492371,265.328705,309.296509,328.070618,293.916229,351.807220,327.436920,276.630524,335.395172,
163 328.667664,174.712357,259.040527,176.551819,264.089111,240.633286,335.142029,236.397797,344.076691,246.065582,270.201630,250.881485,264.616028,310.943909,327.751251,295.469208,351.500153,329.233704,276.036438,337.347778,
164 328.163971,174.556778,258.199371,176.436722,263.153687,240.778198,334.552765,236.618698,343.545258,246.340103,269.337402,251.146133,263.766418,311.294739,327.127197,295.688049,351.030060,329.647858,275.159790,337.845520,
165 327.398254,173.836777,256.945984,175.728012,262.087036,240.556152,333.814423,236.112549,342.798981,245.829712,268.255920,250.849976,262.736816,311.265717,326.471710,295.446838,350.461273,329.641479,274.182068,338.109009,
166 326.559326,174.920151,255.845932,176.834732,260.891724,242.137390,333.149414,237.573334,342.168060,247.422165,267.154541,252.488297,261.723267,313.032135,325.798889,297.023682,349.866608,331.633667,273.172607,340.075745,
167 325.313873,176.683517,254.202972,179.109680,259.429077,244.548416,332.103638,239.632950,341.135590,249.526459,265.738281,255.097992,260.529205,315.769501,324.855225,299.484802,349.077423,334.195496,272.128174,343.099579,
168 323.738129,174.616989,252.133499,176.860199,257.193085,242.771057,330.386932,238.208099,339.369171,248.143890,263.474426,253.418686,257.972321,314.118256,322.864563,297.983307,347.000824,333.215210,269.425354,341.790375,
169 322.909088,175.000504,250.950806,177.233627,255.987350,243.564087,329.560486,238.920807,338.596558,248.951340,262.341309,254.268768,256.908813,315.039948,322.022430,298.881500,346.411896,334.405121,268.422638,343.056152,
170 322.029114,176.306580,249.857025,178.879105,255.027222,245.514572,329.068268,240.644135,338.094940,250.667252,261.453613,256.317688,256.248047,317.247894,321.678589,300.820648,346.167603,336.453400,267.699951,345.419800,
171 320.245728,176.370392,247.351074,178.514450,252.121521,245.701981,326.685974,241.148087,335.634705,251.294174,258.434814,256.520264,252.675308,317.611603,318.842590,301.376831,343.138184,337.679718,264.125702,346.227142,
172 318.743622,174.944458,245.278076,176.896530,249.855438,244.413025,325.070282,239.995468,333.938538,250.277435,256.249268,255.364105,250.459869,316.696075,317.015350,300.339508,341.399048,336.987427,261.806152,345.655823,
173 317.500031,175.689178,243.618088,178.019043,248.367279,246.037460,323.954346,241.108063,332.881805,251.423370,254.762985,257.041748,249.296112,318.453308,316.121002,301.836273,340.607208,338.608002,260.764648,347.631958,
174 316.294495,178.259155,241.899475,180.688507,246.721573,249.092773,322.838928,244.119370,331.806213,254.468506,253.274551,260.185608,247.732956,321.859131,315.107727,304.970184,339.676971,342.188446,259.263855,351.395020,
175 315.167084,176.977982,240.424179,179.375443,245.240173,248.299606,321.771851,243.154327,330.752045,253.524216,251.760040,259.453491,246.474854,321.305664,314.177612,304.141510,338.829651,341.594910,257.980774,351.275787,
176 314.527557,176.027786,239.379517,178.572601,244.235626,247.804214,321.327179,242.589050,330.388702,253.097824,250.831985,259.104858,245.632263,321.045044,313.850067,303.767883,338.576447,341.660248,257.259705,351.153351,
177 314.574127,176.043701,239.156998,179.050415,244.226639,248.696594,321.672363,243.141678,330.787415,253.617767,250.902237,260.114075,245.969406,322.052948,314.404022,304.449463,339.433411,342.400818,257.622192,352.417114,
178 313.724365,179.222885,237.750916,181.995575,242.543930,252.032822,320.632050,246.599579,329.647552,257.197968,249.254257,263.513550,243.960327,325.773102,313.006805,308.226471,337.879028,346.586945,255.472488,356.649261,
179 312.871399,178.789719,236.397644,181.188431,240.860306,251.905228,319.503174,246.633698,328.439606,257.349548,247.564575,263.478149,241.973190,325.975800,311.636963,308.377563,336.482971,347.329163,253.432083,357.218536,
180 311.915710,175.919220,234.974396,178.317154,239.422058,249.454315,318.646057,244.254532,327.574005,255.006012,246.192184,261.133423,240.644928,323.750397,310.724091,306.141083,335.583191,345.368988,252.148544,355.230957,
181 310.797485,175.043625,233.426422,177.701492,238.010666,249.340530,317.707550,243.817856,326.714294,254.632568,244.924744,261.153381,239.656631,323.807098,310.062714,305.970764,335.156433,345.398621,251.249237,355.506622,
182 309.284302,175.485382,231.200577,178.141907,235.487289,250.142517,315.809418,244.930222,324.709198,255.829544,242.331512,262.061584,236.766266,324.885010,307.818085,307.098694,332.751953,347.047577,248.248810,357.110565,
183 308.160583,177.557114,229.497681,180.270004,233.768387,252.888748,314.693939,247.448212,323.586914,258.404846,240.649948,264.830322,235.011520,327.843079,306.716736,309.898315,331.676941,350.308594,246.419662,360.448700,
184 307.435211,178.585953,228.520416,181.664307,233.016663,254.732254,314.567963,248.847885,323.526886,259.816437,240.134125,266.930237,234.966476,329.886810,306.885895,311.473633,332.301605,352.209045,246.531906,363.044617,
185 306.666870,178.376282,227.160889,181.599747,231.589066,255.054810,313.628723,248.992661,322.589233,260.101074,238.738052,267.283508,233.609207,330.692108,305.939026,311.903992,331.339691,352.893738,245.230377,364.006683,
186 305.713715,176.131363,225.603302,179.200180,230.057709,253.252625,312.732635,247.270523,321.658783,258.471069,237.274963,265.633057,232.077057,329.034668,304.970886,310.363495,330.332855,351.842316,243.576279,362.869568,
187 305.256409,174.215912,224.441376,177.037521,228.711639,251.651688,311.996307,245.885437,320.824677,257.125122,235.912720,264.104248,230.547943,327.621979,304.075897,309.034302,329.324493,350.921387,242.048096,361.614716,
188 304.337738,175.940155,223.138184,179.195221,227.514572,254.306519,311.335724,248.204514,320.215454,259.525787,234.865860,266.860413,229.651199,330.698761,303.572479,311.576416,329.013275,353.673187,241.269623,365.134064,
189 302.999878,175.664703,221.091888,178.579422,225.337997,254.450638,309.809692,248.288620,318.665375,259.723938,232.643921,267.064575,227.423035,331.128235,301.945038,311.866119,327.474609,354.555267,238.937637,366.051239,
190 301.728577,175.364960,219.335556,178.515182,223.529358,254.701477,308.702911,248.434952,317.559204,260.038208,231.041855,267.473175,225.897446,331.748505,300.939575,312.348175,326.498810,355.334625,237.487747,366.880798,
191 300.947388,175.352890,217.871735,178.735809,222.259048,255.460678,307.965149,248.896133,316.899017,260.531372,229.838745,268.344147,224.923615,332.650665,300.493622,312.941376,326.143921,356.383362,236.540421,368.211456,
192 300.411743,173.203751,216.832901,177.121307,221.609985,254.357773,307.897217,247.268082,316.926086,258.895233,229.395370,267.334167,225.017548,331.713409,300.729462,311.500732,326.728241,355.125244,236.775970,367.671051,
193 299.867615,172.834442,215.758469,176.651260,220.463791,254.418167,307.306396,247.349609,316.290161,259.128113,228.258560,267.434692,223.719772,332.084259,299.941681,311.728973,325.954956,355.814972,235.497711,368.337585,
194 299.238678,174.908630,214.577148,178.398254,218.671158,256.718201,306.244293,249.847229,315.073242,261.879822,226.429581,269.851135,221.410522,334.658508,298.452118,314.583588,324.284637,359.232788,232.941986,371.393616,
195 298.513733,175.157257,213.398132,178.986343,217.719101,257.748352,305.911011,250.594055,314.787384,262.614746,225.647934,271.023773,220.998184,336.011841,298.432220,315.455475,324.451813,360.450287,232.609238,373.210785,
196 297.374023,172.244003,211.557053,175.824844,215.703125,255.167084,304.505249,248.164459,313.356354,260.380554,223.633728,268.538513,218.834351,333.719543,296.814362,313.042969,322.834229,358.503937,230.484512,371.119049,
197 296.784119,175.025833,210.518677,178.836792,214.748093,258.840149,304.147064,251.418823,313.006317,263.664581,222.756119,272.342346,218.191696,337.547302,296.694275,316.636383,322.847321,362.394196,229.865219,375.566803,
198 295.877686,175.345596,209.012054,179.555511,213.515198,260.037415,303.401581,252.291122,312.354218,264.576477,221.616302,273.530762,217.115494,338.949951,296.144379,317.734589,322.483856,363.796051,228.897568,377.345795,
199 294.444275,174.211487,206.805634,178.153580,211.079834,259.198792,301.692017,251.685257,310.596405,264.121460,219.257507,272.844360,214.546860,338.569672,294.313995,317.227020,320.505341,363.859436,226.274963,377.306091,
200 293.293793,174.681061,205.253159,178.806473,209.572815,260.487854,300.865875,252.709641,309.725403,265.285461,217.777878,274.355133,213.291199,340.201782,293.469086,318.523438,319.874817,365.571655,225.126495,379.532532,
201 291.613953,175.568817,202.979538,179.777313,207.286819,262.188904,299.318085,254.013199,308.223236,266.617554,215.573929,276.026520,211.089722,341.975342,291.960022,320.128693,318.552704,367.624268,222.940140,381.772156,
202 289.592438,175.478928,200.140198,179.867767,204.389969,262.883667,297.331818,254.587036,306.246918,267.332123,212.766312,277.009338,208.420319,343.190765,290.059235,320.883392,316.689636,368.847137,220.307709,383.446289,
203 287.514008,175.663727,197.440216,180.142853,201.580185,263.741241,295.323334,255.409760,304.228729,268.217377,210.099319,277.977356,205.710541,344.335785,288.031769,321.869598,314.798065,370.393402,217.761475,385.168457,
204 284.880188,175.979950,194.084305,180.712631,198.306076,264.995178,292.881989,256.222870,301.833923,269.172424,206.871231,279.395203,202.683014,346.040375,285.708282,323.107758,312.653961,371.954681,214.701126,387.196594,
205 282.122589,173.463852,190.466019,178.673309,195.212830,263.542480,290.728485,254.399536,299.803314,267.324432,204.148819,278.105316,200.430298,344.881836,283.915436,321.336578,311.338470,370.447906,212.804993,386.473450,
206 279.265564,177.305420,186.792725,182.392715,191.246307,267.996155,287.643982,258.641815,296.613342,271.842102,200.029037,282.622528,195.993607,349.869965,280.564148,326.145660,307.850128,375.968445,208.317276,392.104279,
207 275.520416,177.904892,182.127609,183.079849,186.385681,269.477997,283.987946,260.183350,292.947906,273.511169,195.237656,284.342957,191.144135,351.879395,276.728973,327.804199,304.243774,378.363525,203.451660,394.821014,
208 272.026550,176.246735,177.321701,181.244431,181.541138,268.498383,280.417694,259.056763,289.366943,272.562897,190.508072,283.513641,186.455338,351.422546,273.156311,327.035583,300.706268,377.997833,198.899445,394.814423,
209 267.043884,172.100800,171.135529,176.995102,175.556168,265.221313,275.549377,255.805481,284.576263,269.388000,184.783585,280.405365,180.973007,348.498810,268.418274,323.989777,296.165405,375.262024,193.582901,392.513519,
210 261.618774,174.754044,164.714401,180.193649,169.187195,269.030212,270.508789,259.136108,279.538574,272.896942,178.568665,284.572266,174.905304,353.023529,263.492065,327.775360,291.489594,379.688751,187.544632,397.771149,
211 256.781982,177.891144,158.764374,183.456635,162.995697,273.366333,265.941406,262.964722,275.014893,276.858582,172.515747,289.107910,168.881866,358.135315,258.883301,332.062439,287.177765,384.692749,181.620514,403.455170,
212 251.766983,177.402145,152.323563,183.217621,156.830612,274.143616,261.144989,263.124634,270.304016,277.081940,166.674637,289.952179,163.433441,359.374146,254.365326,332.664093,282.889069,385.727997,176.381409,405.526398,
213 246.063156,176.604889,145.513779,182.424896,149.824097,274.320587,255.684280,263.343262,264.731964,277.439423,159.996078,290.375122,156.559586,360.239838,248.800827,333.200684,277.531097,386.707306,169.697891,407.000763,
214 241.352524,177.571976,139.206726,183.499557,143.482635,276.445404,250.967728,265.062073,260.084290,279.395264,153.782440,292.687897,150.291458,362.859894,244.097321,335.415466,272.911285,389.727051,163.492004,410.465729,
215 235.576050,177.187592,131.736908,182.835724,135.792053,276.917175,245.083466,265.444397,254.097290,280.058807,146.199554,293.398956,142.589691,364.136475,237.851257,336.315765,266.813293,391.383484,155.874802,412.455444,
216 230.396408,174.906754,125.362206,180.485962,129.475464,275.847229,240.113235,264.166443,249.175262,278.891235,140.058273,292.434875,136.561218,363.391357,232.956848,335.331818,262.093079,390.918732,149.853790,412.458923,
217 224.548767,177.814590,117.975037,183.988571,122.095497,280.428589,234.676315,267.893311,243.771317,282.816467,132.931122,297.221466,129.544708,368.721863,227.652771,339.536285,257.238800,395.835236,143.232071,418.825165,
218 218.426346,179.393570,109.891716,185.387390,113.557953,282.925476,228.382248,270.277893,237.389282,285.465546,124.727020,299.987732,121.056648,372.249420,221.060165,342.553375,250.618500,399.586090,134.617844,423.312225,
219 212.958405,178.756897,102.973656,184.833984,106.685188,283.571838,223.076050,270.688904,232.067123,286.039551,118.047523,300.790649,114.399544,373.455566,215.794083,343.264221,245.614868,401.237671,128.054352,425.286560,
220 207.218185,178.964386,95.421043,185.430786,99.349327,285.400299,217.748611,271.802795,226.861038,287.328125,111.075447,302.896332,107.739029,375.987091,210.777374,344.870178,240.990295,403.279968,121.761917,428.710022,
221 202.430573,181.946030,88.956741,188.414658,92.357811,289.725372,212.898788,275.588043,221.890823,291.328491,104.238510,307.337524,100.670975,381.235565,205.673950,349.276337,235.959000,408.686859,114.804146,434.896088,
222 196.556778,181.332886,81.102989,187.745102,84.251640,290.408325,206.849411,276.113190,215.774582,291.991547,96.474792,308.239807,92.690315,382.711395,199.574982,350.255219,229.827927,410.419556,106.835381,437.298553,
223 190.873260,179.344879,73.773911,185.777115,76.968552,290.055756,201.621231,275.249878,210.543747,291.274506,89.510994,308.026917,85.936203,382.897034,194.531754,349.704346,225.198929,410.642242,100.225983,438.249603,
224 186.386108,180.705582,67.198837,187.439667,70.355728,292.948273,197.177826,277.472504,206.070923,293.755005,83.254395,311.077698,79.520386,386.575562,190.228088,352.496643,220.990067,413.955200,94.258904,442.723450,
225 180.897858,181.431854,59.960640,188.232193,62.669029,295.099640,191.656906,279.294006,200.372986,295.769836,75.695969,313.424744,71.800858,389.593903,184.480942,354.744110,215.331100,417.313538,86.588768,446.851746,
226 176.032379,181.671173,52.987736,188.437180,55.681553,296.784698,186.879776,280.378693,195.603958,297.119568,69.134552,315.265167,65.300285,392.217896,179.972641,356.514557,210.993332,419.683655,80.305824,450.240906,
227 171.878922,181.890366,46.823364,188.959808,49.641582,298.835999,182.939072,281.604004,191.679886,298.483582,63.370338,317.476715,59.551960,394.743927,176.285904,358.111176,207.525833,422.045776,75.031647,453.766724,
228 167.206116,185.581757,40.232796,193.436462,42.813992,304.760834,178.405167,286.461395,187.099564,303.516693,56.855831,323.307922,53.064339,401.266510,171.840973,363.508514,203.260025,428.434113,68.664246,461.578003,
